Date	Open	High	Low	Close	Volume
20130923	42.58	42.69	41.49	41.87	2971100
20130920	41.16	42.58	40.83	41.62	8719200
20130919	40.75	40.80	40.15	40.75	2501700
20130918	40.22	40.68	39.84	40.67	2364800
20130917	39.75	40.36	39.50	40.12	3724700
20130916	39.37	39.68	39.04	39.28	2155600
20130913	39.16	39.28	38.70	38.99	1448000
20130912	39.33	39.45	38.61	39.03	2000600
20130911	39.23	39.47	38.68	39.25	2392700
20130910	39.00	39.67	38.95	39.66	2434400
20130909	38.87	39.00	38.63	38.77	1636400
20130906	39.18	39.18	38.23	38.56	1715500
20130905	39.15	39.20	38.72	38.79	1437200
20130904	38.58	39.13	38.16	38.98	1258800
20130903	38.82	39.13	38.04	38.35	1735100
20130830	38.96	38.99	38.29	38.51	2507300
20130829	38.40	39.00	38.13	38.95	3595500
20130828	38.93	39.45	37.90	38.28	6780600
20130827	37.84	37.84	36.35	36.55	2986300
20130826	36.95	37.72	36.85	37.48	1389000
20130823	36.79	37.05	36.48	36.74	1831200
20130822	36.22	37.13	36.08	36.61	994000
20130821	36.64	36.99	36.38	36.59	1442500
20130820	36.34	37.10	36.28	36.79	1741700
20130819	36.32	36.41	36.08	36.25	2338900
20130816	35.97	36.35	35.89	36.25	1354300
20130815	36.14	36.94	35.75	36.02	2511100
20130814	37.90	37.94	37.15	37.22	1527100
20130813	37.84	38.12	37.32	38.02	1375400
20130812	36.84	37.80	36.74	37.70	988000
20130809	37.18	37.24	36.74	36.83	1385800
20130808	37.60	37.60	37.28	37.32	1939600
20130807	36.97	37.31	36.68	37.29	1803500
20130806	36.93	36.95	36.70	36.86	1073000
20130805	37.22	37.40	36.96	37.02	1177300
20130802	37.29	37.49	36.93	37.49	1518300
20130801	37.03	37.52	36.83	37.40	1949900
20130731	37.01	37.06	36.56	36.68	1312400
20130730	36.75	37.00	36.34	36.85	1165100
20130729	36.62	36.90	36.38	36.59	1309400
20130726	36.53	36.85	36.35	36.78	1225600
20130725	36.50	36.98	36.30	36.90	2551200
20130724	37.27	37.99	36.86	36.89	2050600
20130723	38.08	38.16	37.51	37.61	1650100
20130722	38.23	38.23	37.54	37.79	986900
20130719	37.75	38.15	37.51	37.85	1775700
20130718	38.75	38.88	37.45	37.60	3705000
20130717	39.01	39.74	38.86	38.92	2399200
20130716	38.16	39.14	38.16	38.87	3125400
20130715	38.98	39.08	37.96	38.01	2155100
20130712	38.69	38.98	38.68	38.95	1834200
20130711	37.53	38.60	37.48	38.59	1676900
20130710	37.58	38.35	37.44	38.33	1736300
20130709	37.72	37.97	37.38	37.58	1385500
20130708	38.93	39.03	37.19	37.27	2264300
20130705	38.62	39.18	38.16	38.81	1444700
20130703	38.39	38.87	38.13	38.59	1520300
20130702	37.95	38.98	37.82	38.48	4037700
20130701	37.85	37.87	37.34	37.61	2714700
20130628	37.00	37.62	36.76	37.38	2299800
20130627	37.48	37.84	37.29	37.32	2635900
20130626	37.39	37.72	36.99	37.25	2066100
20130625	37.13	37.59	36.81	37.10	2601900
20130624	36.98	36.99	36.10	36.69	3685800
20130621	37.04	37.48	36.62	37.38	8003000
20130620	37.71	37.94	36.92	37.06	3163800
20130619	38.69	38.87	38.07	38.07	2403500
20130618	38.04	38.80	37.98	38.75	2738300
20130617	37.80	38.34	37.73	38.09	2472700
20130614	37.14	37.80	37.05	37.59	2176200
20130613	35.74	37.16	35.62	37.11	2910600
20130612	36.66	36.68	35.72	35.98	2130700
20130611	36.43	36.76	36.26	36.29	2169900
20130610	37.50	37.51	36.79	36.83	2636000
20130607	36.76	37.33	36.15	37.29	3073300
20130606	37.19	37.22	36.44	36.75	2973100
20130605	37.74	37.77	36.82	37.00	1501900
20130604	37.40	38.19	37.39	37.80	3312000
20130603	37.68	37.73	36.59	37.30	2721000
20130531	37.33	38.27	37.11	37.73	3343200
20130530	36.20	38.23	36.10	37.82	8260700
20130529	34.37	34.70	34.15	34.43	2285800
20130528	34.53	34.61	34.01	34.44	2091900
20130524	33.86	34.10	33.68	34.10	1511800
20130523	34.24	34.35	33.84	33.97	2851300
20130522	34.98	35.24	34.23	34.56	3387300
20130521	34.61	35.13	34.44	35.09	2074300
20130520	34.24	34.55	34.24	34.44	1388100
20130517	34.49	34.78	34.36	34.43	2744300
20130516	34.17	34.52	33.90	34.21	2474900
20130515	33.66	34.19	33.54	34.18	1694700
20130514	33.58	33.82	33.33	33.70	1593800
20130513	33.83	34.13	33.59	33.62	1495200
20130510	33.96	34.14	33.83	34.06	1564400
20130509	33.48	34.08	33.40	33.87	2976900
20130508	32.63	33.52	32.58	33.50	2543700
20130507	32.92	32.95	32.47	32.54	1609300
20130506	32.05	32.90	31.96	32.80	3284800
20130503	32.16	32.39	31.85	31.88	4690100
20130502	31.55	32.23	31.31	32.09	3253600
20130501	32.06	32.07	31.25	31.32	3706800
20130430	32.47	32.47	31.55	31.96	5251100
20130429	32.35	32.79	32.20	32.53	2043000
20130426	32.59	32.59	31.96	32.11	3094500
20130425	32.81	33.19	32.53	32.63	2512600
20130424	32.37	32.84	32.04	32.62	3206200
20130423	31.86	32.42	31.72	32.37	2554200
20130422	31.36	31.84	30.57	31.58	3639500
20130419	31.25	31.88	30.83	31.26	3718000
20130418	33.10	33.28	31.25	31.37	4105600
20130417	33.75	33.77	32.28	32.40	6401000
20130416	34.08	34.60	33.86	34.58	2249100
20130415	34.68	34.73	33.72	33.78	2463400
20130412	35.50	35.53	34.56	34.91	1612500
20130411	35.24	35.92	35.01	35.63	1828200
20130410	34.81	35.50	34.79	35.38	1481700
20130409	34.71	35.13	34.22	34.78	1600800
20130408	34.25	34.67	33.97	34.66	1235700
20130405	34.01	34.42	33.33	34.33	1444900
20130404	34.24	34.68	33.96	34.60	1534800
20130403	34.88	35.08	34.10	34.31	1829700
20130402	35.57	35.61	34.77	34.88	2302000
20130401	35.82	36.00	35.19	35.34	1850100
20130328	35.80	35.93	35.48	35.92	1474000
20130327	35.47	35.73	35.25	35.64	1486100
20130326	35.67	35.98	35.56	35.79	955600
20130325	35.87	35.89	35.25	35.52	1288800
20130322	35.77	36.04	35.38	35.80	1730600
20130321	35.41	35.76	35.13	35.56	2781600
20130320	35.68	36.08	35.35	35.93	2963600
20130319	35.39	35.82	35.04	35.30	3340000
20130318	35.58	35.90	35.05	35.26	2868900
20130315	36.70	36.78	35.81	36.00	3444700
20130314	36.05	36.98	36.03	36.66	4344900
20130313	35.50	36.11	35.26	35.99	2749500
20130312	35.22	35.54	35.00	35.45	2247700
20130311	35.08	35.66	34.97	35.26	2817300
20130308	35.05	35.41	34.98	35.27	1968800
20130307	34.69	35.13	34.40	34.97	3073800
20130306	34.31	34.77	34.21	34.71	2461000
20130305	33.70	34.36	33.68	34.33	3051000
20130304	33.56	33.70	33.01	33.54	1700500
20130301	33.92	34.09	33.26	33.70	3150000
20130228	33.69	34.31	33.33	34.22	3478600
20130227	33.80	34.37	33.63	33.69	3597100
20130226	33.13	33.40	32.66	33.13	3455600
20130225	34.13	34.22	32.94	32.95	3063200
20130222	33.97	34.47	33.71	34.09	1896400
20130221	34.47	34.68	32.96	33.67	6185300
20130220	35.48	35.73	34.67	34.67	3326200
20130219	35.00	35.55	34.80	35.54	2439600
20130215	35.58	35.78	34.98	35.14	2531700
20130214	35.09	35.67	34.99	35.64	3237200
20130213	35.36	35.49	34.89	35.17	2659000
20130212	35.20	35.35	34.78	35.14	3122400
20130211	35.38	35.69	35.00	35.40	2999900
20130208	35.28	35.53	35.05	35.32	3296600
20130207	35.64	35.64	34.54	34.96	4243500
20130206	35.23	35.79	35.09	35.64	2081100
20130205	35.08	35.57	35.06	35.41	2939200
20130204	35.75	36.21	35.14	35.18	4340100
20130201	35.92	36.30	35.82	36.26	2797300
20130131	35.52	36.09	35.25	35.77	6776400
20130130	34.49	35.33	34.49	35.05	2518500
20130129	34.30	34.71	34.18	34.57	2373200
20130128	34.40	34.53	34.11	34.48	3846200
20130125	33.83	34.29	33.82	34.16	3508900
20130124	33.71	34.31	33.59	33.93	4456700
20130123	34.85	35.00	34.17	34.42	2279100
20130122	34.45	34.61	34.33	34.44	1380900
20130118	34.54	34.75	34.31	34.44	1883000
20130117	34.78	34.97	34.59	34.81	2106500
20130116	33.81	34.61	33.77	34.56	2766900
20130115	34.30	34.44	33.82	33.87	3373600
20130114	33.84	34.62	33.64	34.57	4925800
20130111	33.54	34.37	33.49	34.34	4787100
20130110	33.46	33.59	33.02	33.52	4459100
20130109	32.50	32.96	32.36	32.81	2945600
20130108	32.45	32.70	32.09	32.10	2096900
20130107	32.37	32.49	32.10	32.32	1682200
20130104	32.70	32.77	32.19	32.50	2711300
20130103	32.34	32.98	32.34	32.71	2329500
20130102	32.43	33.06	32.24	32.54	3671600
20121231	31.33	31.78	30.97	31.65	2664400
20121228	31.06	31.47	30.96	31.15	1961700
20121227	31.08	31.49	30.69	31.37	2754500
20121226	31.22	31.57	30.77	30.88	1633900
20121224	31.29	31.33	30.98	31.15	799500
20121221	31.14	31.57	31.01	31.36	3506400
20121220	32.05	32.24	31.42	31.90	2378800
20121219	32.29	32.50	31.94	31.99	2502300
20121218	32.23	32.50	31.69	32.27	4141400
20121217	31.39	32.00	31.02	31.99	7058300
20121214	33.16	33.27	30.50	31.14	9871400
20121213	35.00	35.01	33.59	33.70	6619400
20121212	34.79	34.88	34.45	34.57	4927400
20121211	34.66	34.88	34.33	34.56	4362500
20121210	34.38	34.52	34.10	34.45	2684500
20121207	34.23	34.56	33.95	34.25	8505000
20121206	34.54	35.15	34.46	35.12	1196300
20121205	35.03	35.16	34.50	34.53	1587500
20121204	34.79	35.16	34.69	34.92	1689900
20121203	35.39	35.58	34.63	34.81	1750400
20121130	34.59	35.43	33.90	35.10	4163400
20121129	34.88	35.43	34.72	35.10	1906000
20121128	33.62	34.65	33.61	34.56	2070200
20121127	33.86	34.53	33.60	34.12	2054700
20121126	33.75	34.24	33.41	34.04	1656200
20121123	33.00	33.74	32.85	33.55	817700
20121121	32.78	32.96	32.52	32.82	780200
20121120	33.32	33.48	32.50	32.81	1190500
20121119	32.28	32.83	32.01	32.75	1666400
20121116	32.21	32.38	31.68	31.94	2388800
20121115	33.14	33.22	32.09	32.25	1374500
20121114	33.68	33.89	32.87	33.03	1205400
20121113	33.26	33.82	33.18	33.28	1111300
20121112	33.58	33.85	33.22	33.61	760700
20121109	34.00	34.00	33.42	33.48	1418600
20121108	34.99	34.99	33.83	33.84	1326500
20121107	34.78	35.11	33.89	33.96	2075100
20121106	34.32	35.28	34.21	35.28	2004500
20121105	33.00	34.42	32.99	34.32	1388100
20121102	34.71	34.85	33.94	33.97	1922300
20121101	33.29	34.56	33.05	34.50	1872500
20121031	33.62	33.70	32.81	33.03	2285100
20121026	33.70	33.99	33.40	33.83	1262300
20121025	33.07	33.74	33.04	33.70	1539600
20121024	33.53	33.59	32.59	32.73	1352200
20121023	32.96	33.35	32.82	33.24	1095300
20121022	33.48	33.69	33.00	33.40	1270700
20121019	34.12	34.18	32.90	33.19	1908800
20121018	34.07	34.40	33.81	34.05	1275200
20121017	34.09	34.60	33.88	34.11	1341000
20121016	33.30	34.59	33.23	34.35	1860200
20121015	33.10	33.36	32.80	33.19	1714400
20121012	32.73	33.01	32.54	32.98	2673300
20121011	33.01	33.48	32.56	32.93	1376800
20121010	33.68	33.71	32.55	32.59	1447600
20121009	33.50	33.74	33.04	33.59	2077000
20121008	34.00	34.23	33.71	33.88	1003900
20121005	34.72	35.28	34.17	34.44	1511700
20121004	34.57	34.57	34.00	34.42	1142500
20121003	34.53	35.05	34.43	34.57	2725500
20121002	34.90	34.90	34.10	34.42	1709600
20121001	35.14	35.54	34.55	34.69	2009100
20120928	34.45	35.02	34.10	34.87	2590800
20120927	33.18	34.99	32.97	34.90	4113400
20120926	32.74	33.54	32.39	33.46	4126800
20120925	34.56	34.99	32.93	33.01	3400900
20120924	35.00	35.14	34.23	34.60	4419000
20120921	34.33	36.12	34.33	35.51	6864000
20120920	34.58	34.91	33.22	33.75	4025000
20120919	35.13	35.42	34.75	35.05	2079700
20120918	35.08	35.17	34.65	35.16	1054400
20120917	35.19	35.39	34.88	35.28	1529800
20120914	35.09	35.50	34.70	35.06	3402400
20120913	35.28	35.40	34.45	35.07	2187500
20120912	35.22	35.50	35.01	35.23	1380300
20120911	35.04	35.57	34.83	34.96	1242000
20120910	35.96	36.19	34.95	35.00	1623800
20120907	36.71	36.83	36.10	36.20	1584600
20120906	35.64	36.81	35.19	36.61	2288300
20120905	35.61	35.62	35.05	35.18	1618400
20120904	36.37	36.59	35.33	35.89	2152700
20120831	36.29	36.80	35.91	36.57	1326600
20120830	36.50	36.50	35.85	36.02	1367100
20120829	36.39	36.86	36.22	36.60	1195200
20120828	35.83	36.42	35.68	36.27	1532000
20120827	36.07	36.13	35.64	35.77	1330600
20120824	36.02	36.34	35.84	36.05	1303000
20120823	36.24	36.30	35.72	36.02	1206000
20120822	36.25	36.68	36.04	36.49	1325100
20120821	36.00	36.56	35.70	36.38	1923100
20120820	36.95	36.95	35.41	35.96	2546800
20120817	37.75	37.88	36.40	36.84	2998500
20120816	36.70	37.14	36.70	36.91	2588100
20120815	36.05	36.63	36.00	36.58	1598400
20120814	36.73	36.77	35.98	36.15	2432400
20120813	37.15	37.15	36.09	36.27	2111600
20120810	37.23	37.43	36.77	37.15	1466200
20120809	37.04	37.57	37.01	37.32	999600
20120808	37.46	37.70	37.25	37.48	1717300
20120807	37.28	37.63	37.06	37.40	1542400
20120806	37.19	37.44	37.00	37.07	1130300
20120803	37.15	37.46	36.67	37.11	1433300
20120802	36.35	37.14	36.10	36.54	1315100
20120801	37.11	37.12	36.41	36.69	1542300
20120731	36.24	37.64	36.22	36.90	2359700
20120730	36.32	36.70	35.72	35.97	1204400
20120727	35.79	36.47	35.55	36.13	1149800
20120726	35.01	35.73	35.00	35.44	1310100
20120725	34.13	34.75	33.82	34.21	2047000
20120724	34.68	35.09	33.77	34.18	975800
20120723	34.64	34.80	33.73	34.49	1510100
20120720	35.95	36.00	35.25	35.28	1496100
20120719	34.53	36.40	34.42	36.04	3467500
20120718	32.99	34.05	32.91	33.79	2123000
20120717	33.10	33.22	32.57	33.04	1803800
20120716	32.97	33.09	32.38	32.74	1376100
20120713	32.55	33.25	32.48	33.15	1679100
20120712	32.92	32.99	32.14	32.58	2114000
20120711	33.41	33.55	32.93	33.10	1894000
20120710	33.60	34.07	33.25	33.43	2133800
20120709	34.50	34.60	33.12	33.29	2197400
20120706	35.50	35.52	34.07	34.48	1471600
20120705	35.74	35.96	35.47	35.58	857600
20120703	35.56	35.80	35.44	35.74	980300
20120702	35.77	36.19	35.27	35.49	2185500
20120629	35.02	35.94	35.02	35.90	1899000
20120628	34.51	34.74	33.93	34.31	1694100
20120627	34.42	35.06	34.33	34.90	1141500
20120626	34.30	34.62	33.96	34.39	1865600
20120625	34.38	34.64	34.04	34.21	2359200
20120622	34.46	35.05	34.38	34.80	5552000
20120621	35.25	35.39	34.39	34.48	2317300
20120620	34.80	35.54	34.79	35.27	2926700
20120619	34.92	35.00	34.40	34.70	1915200
20120618	33.95	35.08	33.81	34.76	1716300
20120615	33.36	34.34	33.34	34.07	1828900
20120614	33.79	33.80	32.65	33.31	2370900
20120613	33.91	34.49	33.65	34.04	2058000
20120612	33.31	34.17	33.31	33.92	1847100
20120611	34.09	34.26	33.14	33.24	1544300
20120608	32.83	34.04	32.50	33.84	2511900
20120607	33.43	33.48	32.86	32.95	2310100
20120606	31.80	32.99	31.58	32.97	2529900
20120605	30.58	31.49	30.39	31.41	3605300
20120604	31.22	31.65	30.18	30.53	3973200
20120601	32.43	32.67	30.86	30.98	3889200
20120531	33.28	33.38	32.47	33.10	1915700
20120530	33.95	34.05	32.87	33.06	2623700
20120529	33.55	34.51	33.21	34.45	1916300
20120525	32.60	33.40	32.57	33.15	1545700
20120524	33.46	33.52	32.43	32.51	2748700
20120523	31.69	33.59	31.50	33.52	4773500
20120522	30.94	31.42	30.83	31.27	2847500
20120521	30.00	30.91	29.70	30.91	2836000
20120518	30.23	30.25	29.71	30.02	2285500
20120517	30.70	30.94	30.05	30.07	1887200
20120516	31.06	31.66	30.71	30.77	1945200
20120515	31.19	31.66	30.91	31.05	2149300
20120514	30.68	31.45	30.47	31.13	1859400
20120511	30.69	31.15	30.61	30.94	2903900
20120510	31.20	31.35	30.63	30.88	2229000
20120509	31.17	31.24	30.72	31.07	2459600
20120508	31.09	31.67	30.90	31.55	2853300
20120507	31.56	31.99	31.21	31.30	1984800
20120504	32.93	33.36	31.57	31.63	3860400
20120503	34.71	34.73	33.29	33.36	1836800
20120502	34.13	34.86	33.86	34.78	884800
20120501	34.53	34.95	34.17	34.46	1176200
20120430	34.42	34.62	34.09	34.48	1346400
20120427	35.09	35.31	34.50	34.60	1700700
20120426	34.69	35.25	34.41	35.06	1624200
20120425	34.53	35.27	34.16	34.98	4019600
20120424	33.19	33.26	32.38	32.68	3724600
20120423	33.77	33.83	33.14	33.23	4391200
20120420	35.75	35.75	33.61	34.28	8040000
20120419	36.98	37.19	35.61	35.71	2896900
20120418	37.55	37.81	37.11	37.48	883700
20120417	37.37	37.95	37.22	37.74	1129600
20120416	37.39	37.57	37.00	37.05	1763300
20120413	37.92	37.93	37.21	37.28	894100
20120412	37.63	38.45	37.50	38.15	1252500
20120411	37.05	38.21	36.90	37.48	1594400
20120410	37.39	37.74	36.57	36.80	2007200
20120409	37.24	37.70	37.07	37.58	1219800
20120405	37.47	37.99	37.35	37.61	1379200
20120404	38.05	38.13	37.09	37.41	1312500
20120403	38.61	38.99	38.13	38.37	1231300
20120402	38.89	39.01	38.11	38.69	1437000
20120330	38.46	39.22	38.15	38.97	2421000
20120329	37.65	38.37	37.50	38.34	1302400
20120328	38.83	38.87	37.79	37.97	1669100
20120327	38.69	39.02	38.38	38.78	1759700
20120326	38.46	38.85	37.97	38.84	1667800
20120323	37.81	38.17	37.52	38.10	1486300
20120322	38.18	38.34	37.86	37.95	1968000
20120321	38.09	38.60	37.85	38.36	1360400
20120320	37.70	38.15	37.50	38.03	1764200
20120319	37.77	38.16	37.62	38.06	1005800
20120316	37.84	38.80	37.67	37.90	2352000
20120315	37.14	37.77	36.89	37.76	1624800
20120314	37.60	38.37	37.00	37.11	2228200
20120313	36.95	37.67	36.88	37.63	1290200
20120312	36.73	36.86	36.10	36.60	872400
20120309	36.52	36.82	36.05	36.77	1330700
20120308	36.30	36.82	36.10	36.42	1747800
20120307	35.51	35.97	35.26	35.75	1285700
20120306	34.69	35.48	34.60	35.31	1993600
20120305	36.52	36.55	35.29	35.45	2488100
20120302	37.25	37.30	36.33	36.60	1960100
20120301	37.74	37.80	37.16	37.32	1255000
20120229	36.94	37.70	36.71	37.61	3450300
20120228	36.83	37.42	36.56	37.01	2158100
20120227	36.21	37.19	35.54	36.98	2621600
20120224	37.35	37.40	36.17	36.32	1932500
20120223	35.80	37.26	35.71	37.19	4760600
20120222	35.34	36.32	35.34	35.90	2433300
20120221	35.48	35.88	35.28	35.47	2044900
20120217	35.67	35.79	34.84	35.24	1840200
20120216	35.03	35.95	34.72	35.86	1676900
20120215	34.92	35.48	34.81	34.98	1986400
20120214	34.57	34.94	34.19	34.51	1831900
20120213	34.85	35.17	34.02	34.81	1436000
20120210	34.58	35.40	34.35	34.49	889800
20120209	35.01	35.31	34.79	35.13	1179000
20120208	34.55	35.00	34.44	34.88	1503200
20120207	34.34	34.64	33.95	34.58	1507600
20120206	35.00	35.05	34.14	34.30	1885300
20120203	35.28	35.48	34.97	35.13	2381600
20120202	34.80	35.18	34.75	35.00	3618800
20120201	34.39	34.90	34.14	34.62	3936100
20120131	34.00	34.08	33.37	33.94	1622500
20120130	33.60	34.01	33.35	33.73	1659000
20120127	33.84	34.48	33.80	33.98	2946800
20120126	33.96	34.43	33.84	34.08	2553700
20120125	34.55	34.55	33.70	33.95	3035200
20120124	33.59	34.24	33.59	33.87	3077800
20120123	33.85	33.90	33.28	33.66	2012400
20120120	33.51	34.04	33.34	33.81	2346200
20120119	33.88	34.35	33.60	33.62	3154600
20120118	33.00	35.00	32.78	33.94	4427400
20120117	31.70	32.26	31.47	31.65	3178200
20120113	31.52	32.00	31.21	31.57	2427500
20120112	31.20	31.93	30.82	31.68	1987300
20120111	30.69	31.65	30.59	31.20	2710300
20120110	30.52	31.13	30.38	30.65	2682900
20120109	29.30	30.39	29.25	30.22	3348500
20120106	28.41	28.55	28.02	28.31	2435700
20120105	28.46	28.75	28.18	28.49	2007500
20120104	28.89	29.09	28.10	28.45	2025400
20120103	29.48	30.17	28.89	28.95	2303200
20111230	28.96	29.16	28.66	28.86	836400
20111229	28.76	29.21	28.75	29.12	1022100
20111228	29.36	29.37	28.65	28.74	1337500
20111227	29.27	29.53	29.03	29.34	799300
20111223	29.22	29.61	28.85	29.39	1176700
20111222	27.98	29.14	27.88	29.02	2787400
20111221	28.83	29.06	27.55	27.91	2752300
20111220	27.93	29.00	27.92	28.83	2961300
20111219	28.83	28.83	27.39	27.55	3112400
20111216	28.92	29.17	28.17	28.80	9036400
20111215	28.87	29.25	28.59	28.64	2391700
20111214	28.96	29.36	28.27	28.71	2112500
20111213	29.54	30.09	29.07	29.24	3292800
20111212	28.62	29.63	27.59	29.46	3672900
20111209	30.03	30.65	29.79	30.61	3370300
20111208	31.18	31.64	30.59	30.68	2939700
20111207	30.64	31.39	30.44	31.22	2501900
20111206	30.93	31.20	30.06	30.81	2705800
20111205	31.52	31.94	30.78	31.04	2898000
20111202	30.28	31.64	30.16	31.16	5768900
20111201	29.82	30.38	29.12	29.91	4861200
20111130	29.43	30.11	28.98	29.92	3658600
20111129	28.65	29.36	28.52	28.87	3150000
20111128	29.33	29.54	28.12	28.58	4765300
20111125	28.96	29.13	28.31	28.44	895100
20111123	29.00	29.38	28.67	28.97	2381900
20111122	29.61	30.22	29.10	29.41	2401400
20111121	29.37	29.74	28.79	29.45	3638900
20111118	31.47	31.58	29.51	29.86	3227900
20111117	32.04	32.12	30.95	31.20	1734900
20111116	32.77	33.30	31.87	32.10	1718000
20111115	32.97	33.52	32.71	32.99	1623100
20111114	34.12	34.31	32.83	33.09	1606300
20111111	33.34	34.39	33.24	34.29	1155300
20111110	33.66	33.76	32.89	33.11	956000
20111109	34.05	34.54	33.07	33.23	1544600
20111108	34.73	34.86	33.87	34.73	947500
20111107	34.34	34.60	33.61	34.58	1728900
20111104	33.62	34.70	33.62	34.38	1711300
20111103	33.51	34.50	32.81	34.33	3144900
20111102	33.43	33.50	32.40	32.60	2143900
20111101	32.69	33.42	32.28	33.00	1619600
20111031	33.02	34.19	32.98	33.77	3576700
20111028	33.71	33.99	31.09	33.59	7159600
20111027	34.07	34.75	33.47	33.76	4317000
20111026	34.79	35.13	33.64	33.77	2313700
20111025	34.84	35.36	34.36	34.44	2461400
20111024	34.08	35.61	34.00	35.35	2569000
20111021	34.32	34.50	33.42	33.84	2717000
20111020	34.53	34.82	33.12	33.98	2714100
20111019	35.44	35.45	34.50	34.63	3031200
20111018	34.93	35.97	34.91	35.84	1394800
20111017	35.35	35.69	34.81	35.06	2129800
20111014	34.98	35.81	34.78	35.70	3500400
20111013	33.39	34.93	33.28	34.06	6020700
20111012	33.54	33.86	32.91	33.65	2889400
20111011	33.62	33.91	33.00	33.33	1300200
20111010	33.00	34.06	33.00	33.66	3758300
20111007	33.15	33.43	32.53	32.88	1824000
20111006	32.75	33.15	32.29	32.95	2484400
20111005	32.27	32.70	31.60	32.61	3511900
20111004	31.93	32.73	30.86	32.34	3720500
20111003	32.79	33.23	31.67	31.89	3663900
20110930	33.12	33.38	32.43	32.77	5167400
20110929	33.34	33.56	32.27	33.17	4907600
20110928	33.02	33.59	32.89	33.01	10650400
20110927	34.68	35.15	34.36	34.49	2326800
20110926	34.82	35.08	33.56	34.10	2544600
20110923	33.87	35.05	33.39	34.80	2086800
20110922	34.85	35.01	32.97	33.98	3553400
20110921	36.55	37.99	35.88	35.98	3293900
20110920	37.50	37.77	36.27	36.32	2709600
20110919	35.99	37.99	35.41	37.35	4114800
20110916	36.57	36.86	35.92	36.49	1803000
20110915	36.81	37.61	36.21	36.74	2998000
20110914	34.50	36.77	34.40	36.56	4720600
20110913	33.53	34.49	33.10	34.32	2051100
20110912	31.85	33.68	31.80	33.53	2047000
20110909	32.71	33.25	32.00	32.30	1903200
20110908	32.17	33.35	32.10	33.09	1938300
20110907	32.21	33.24	32.14	32.70	1459500
20110906	30.49	31.48	30.22	31.46	1180000
20110902	30.84	31.54	30.51	31.13	1686200
20110901	33.01	33.15	31.48	31.56	3113500
20110831	33.30	34.50	32.74	33.11	2291300
20110830	32.55	33.77	32.27	33.13	1714500
20110829	31.97	32.90	31.75	32.85	1345900
20110826	30.58	31.53	29.70	31.52	2091600
20110825	32.11	32.27	30.81	30.88	2506500
20110824	32.02	33.46	31.38	32.27	6934600
20110823	27.82	29.30	27.26	29.26	3597700
20110822	28.79	28.90	27.31	27.64	2579300
20110819	28.63	29.75	28.15	28.29	1260900
20110818	29.81	29.90	28.28	28.61	2305500
20110817	31.33	32.03	30.61	30.70	1902300
20110816	31.34	31.68	30.66	30.97	1745900
20110815	31.19	32.40	31.19	31.61	1706700
20110812	31.49	32.00	30.90	31.04	2574300
20110811	29.60	31.15	29.60	30.71	2706500
20110810	29.26	30.37	28.58	29.25	3043200
20110809	27.72	29.69	27.43	29.63	4211200
20110808	28.61	29.00	26.42	27.19	4369700
20110805	31.27	32.49	29.09	29.34	4374800
20110804	32.21	32.50	30.86	30.90	2603000
20110803	32.08	32.84	31.32	32.78	1700900
20110802	32.85	33.81	32.04	32.05	2103700
20110801	34.00	34.10	32.95	33.20	2379500
20110729	33.62	34.30	32.83	33.63	3841400
20110728	33.89	34.80	32.41	34.64	4704200
20110727	36.45	36.65	33.43	33.63	4051900
20110726	36.29	36.95	36.21	36.66	2725100
20110725	36.64	36.64	35.89	36.09	1436100
20110722	36.72	37.39	36.28	37.07	1492900
20110721	35.90	37.19	35.73	36.76	2049800
20110720	36.27	37.00	35.92	36.07	1482900
20110719	35.30	36.46	35.14	36.20	1789600
20110718	35.28	35.71	34.40	35.00	1198300
20110715	35.37	35.95	34.95	35.51	1374500
20110714	35.45	36.49	35.10	35.18	2235600
20110713	35.75	36.27	35.05	35.38	1945800
20110712	37.19	37.24	35.01	35.41	3467700
20110711	37.41	38.12	37.10	37.39	1457300
20110708	38.21	38.21	37.03	37.96	2021300
20110707	39.13	39.45	38.54	38.66	2312100
20110706	38.67	39.08	38.29	39.08	1231200
20110705	38.75	39.08	38.51	38.96	951900
20110701	38.22	38.99	38.21	38.66	1947900
20110630	37.80	38.70	37.15	38.00	2632900
20110629	37.26	37.79	36.64	37.71	2568000
20110628	35.81	37.38	35.81	36.95	3114800
20110627	35.55	36.02	35.00	35.45	1808400
20110624	35.78	35.83	35.00	35.52	10265600
20110623	35.48	36.07	34.83	35.82	3811300
20110622	33.98	36.29	33.55	36.00	3838200
20110621	32.96	34.40	32.85	34.07	1843900
20110620	32.46	33.15	32.19	32.75	1912900
20110617	33.68	33.84	32.19	32.50	2020800
20110616	33.41	33.47	32.66	33.37	2177000
20110615	34.14	34.30	33.49	33.56	1919400
20110614	33.76	34.46	33.75	34.22	2184400
20110613	33.77	34.31	32.98	33.47	2305300
20110610	34.28	34.39	33.38	33.77	1424800
20110609	34.30	34.64	33.75	34.23	3245900
20110608	33.80	34.17	33.25	33.41	1752400
20110607	33.80	34.25	33.40	34.05	4984500
20110606	34.01	34.01	33.26	33.33	1382300
20110603	33.72	34.14	33.10	33.89	4081700
20110602	33.81	34.15	32.98	33.52	2314700
20110601	33.84	34.25	33.65	33.77	3382600
20110531	33.86	34.07	33.47	33.79	10716300
20110527	34.80	35.12	34.17	35.01	1712900
20110526	34.54	34.85	33.65	34.71	1841000
20110525	32.80	34.68	32.61	34.50	6719500
20110524	32.13	32.31	31.48	31.71	2800000
20110523	33.92	33.93	31.78	32.03	2492400
20110520	34.84	35.21	34.30	34.39	1316400
20110519	34.70	35.06	34.63	34.81	706700
20110518	34.39	34.75	33.66	34.63	684300
20110517	34.10	34.44	33.82	34.27	1257000
20110516	34.70	34.98	34.14	34.26	756000
20110513	35.06	35.41	34.88	34.89	1012100
20110512	35.96	36.07	34.83	35.06	2025500
20110511	35.81	36.07	35.53	35.87	1383400
20110510	35.76	36.18	35.61	35.81	1675000
20110509	35.00	35.64	34.65	35.46	1374300
20110506	33.85	35.00	33.62	34.91	1907200
20110505	32.50	33.40	32.08	33.24	819000
20110504	32.25	32.61	31.92	32.54	748200
20110503	33.29	33.43	32.13	32.16	1176200
20110502	33.74	33.74	32.92	33.15	708200
20110429	32.94	33.50	32.72	33.46	818000
20110428	33.30	33.82	32.86	32.89	721400
20110427	32.26	33.50	32.16	33.39	982200
20110426	32.58	32.58	31.85	32.35	1100000
20110425	32.54	32.70	32.00	32.24	600000
20110421	32.88	33.06	32.52	32.60	833500
20110420	32.18	32.62	31.94	32.56	1115300
20110419	31.56	31.99	31.44	31.77	723700
20110418	31.39	31.70	30.53	31.60	805200
20110415	31.00	31.84	30.58	31.74	1211900
20110414	31.53	31.79	30.70	31.07	1174600
20110413	31.87	32.29	31.31	31.80	877000
20110412	32.02	32.16	30.88	31.37	1883900
20110411	32.30	32.63	31.74	32.23	889600
20110408	32.86	33.14	32.27	32.57	834000
20110407	32.87	32.97	32.31	32.47	1658000
20110406	32.14	32.86	31.74	32.77	2137300
20110405	30.75	32.40	30.61	31.67	2044400
20110404	31.59	31.59	29.96	30.60	1879000
20110401	31.50	31.90	31.06	31.52	1602900
20110331	31.53	31.80	30.81	31.10	1580300
20110330	31.50	31.59	30.61	31.49	1735300
20110329	31.06	31.11	30.61	30.97	1470800
20110328	30.87	31.50	30.74	30.99	1074000
20110325	31.15	31.19	30.77	30.85	912200
20110324	31.27	31.33	30.60	31.07	1337100
20110323	30.72	31.02	30.35	31.01	1236400
20110322	31.15	31.30	30.45	30.71	1517600
20110321	30.80	31.15	30.58	30.99	1994700
20110318	30.07	30.49	29.86	30.32	3069700
20110317	30.27	30.31	28.27	29.32	3814300
20110316	30.95	31.09	29.40	29.56	2872400
20110315	30.24	31.28	29.85	31.07	1979600
20110314	31.09	31.17	30.72	31.00	1641400
20110311	30.98	31.52	30.71	31.23	1313500
20110310	30.81	31.12	30.15	31.01	3619100
20110309	31.74	31.89	30.94	31.00	4392900
20110308	31.92	32.55	31.59	32.39	1960300
20110307	33.00	33.00	31.57	31.98	1670900
20110304	33.06	33.15	32.51	32.79	2049800
20110303	32.79	33.08	32.35	33.00	3284800
20110302	32.11	32.54	32.04	32.46	2661700
20110301	32.25	32.47	31.84	32.07	10131800
20110228	34.34	34.53	33.49	33.99	1626300
20110225	34.24	34.59	33.80	34.36	1913200
20110224	31.85	34.12	31.66	33.98	3533100
20110223	32.98	33.00	30.92	31.34	3327200
20110222	33.24	33.24	32.13	32.60	2011800
20110218	33.77	34.07	33.63	33.85	1563900
20110217	34.33	34.42	33.31	33.63	3438700
20110216	33.91	34.60	33.81	34.38	1260500
20110215	33.89	34.26	33.42	33.71	1978800
20110214	33.58	34.35	33.58	34.04	2599700
20110211	32.53	33.35	32.32	33.29	2772500
20110210	32.99	33.00	32.15	32.48	3504300
20110209	31.93	32.95	31.75	32.77	4291600
20110208	31.40	32.25	31.00	31.91	3468400
20110207	31.17	31.48	30.56	30.79	976200
20110204	29.79	31.22	29.72	31.20	2550000
20110203	28.78	29.58	28.60	29.41	1232600
20110202	29.02	29.40	28.70	28.80	1130000
20110201	28.92	29.50	28.76	29.07	1583500
20110131	28.04	28.88	27.95	28.71	1310400
20110128	29.30	29.36	27.87	28.05	1372200
20110127	28.42	29.44	28.42	29.22	3730200
20110126	28.13	28.38	27.80	28.25	1520900
20110125	28.15	28.15	27.40	28.02	1454800
20110124	28.22	28.22	27.58	28.09	2149500
20110121	27.99	28.17	27.66	27.77	1249000
20110120	27.69	27.82	27.28	27.70	2096300
20110119	28.00	28.50	27.51	27.76	2979500
20110118	27.65	27.89	27.23	27.75	10018200
20110114	28.34	29.06	28.00	29.01	977600
20110113	28.40	28.66	28.02	28.35	964500
20110112	29.28	29.33	28.02	28.17	1559900
20110111	29.14	29.26	28.84	29.24	1354900
20110110	28.26	29.10	27.93	28.90	1538500
20110107	28.47	28.51	27.78	28.28	877400
20110106	28.04	28.53	27.77	28.52	959800
20110105	27.85	28.17	27.75	27.99	953700
20110104	27.80	28.30	26.97	28.00	1626200
20110103	28.70	28.70	27.68	27.80	1443600
20101231	28.90	28.90	28.29	28.41	617700
20101230	28.64	28.93	28.35	28.88	681500
20101229	28.45	28.67	28.15	28.63	629600
20101228	28.77	28.80	28.22	28.30	583600
20101227	28.10	28.94	27.82	28.76	1331100
20101223	28.13	28.46	27.91	28.13	588500
20101222	27.95	28.19	27.39	28.14	960000
20101221	27.95	28.09	27.67	27.88	1495000
20101220	27.89	28.44	27.70	27.81	1460200
20101217	27.72	28.40	27.53	28.17	3640100
20101216	26.60	27.65	26.42	27.64	2442500
20101215	26.30	26.87	25.91	26.40	1800500
20101214	26.65	26.75	25.97	26.29	946000
20101213	26.60	26.70	26.35	26.58	1217700
20101210	26.70	26.70	26.16	26.40	1405200
20101209	25.74	26.51	25.57	26.41	3405100
20101208	24.99	25.74	24.86	25.40	4907700
20101207	24.76	25.29	24.48	24.86	11738100
20101206	26.85	26.89	26.29	26.85	897100
20101203	28.00	28.00	26.45	26.55	2627900
20101202	26.96	28.48	26.83	28.41	1906000
20101201	26.48	27.00	26.29	26.86	1652200
20101130	26.92	27.25	26.09	26.11	5435500
20101129	27.07	27.10	26.36	26.92	1020500
20101126	26.25	27.05	26.17	27.01	626800
20101124	26.12	26.40	26.07	26.30	823900
20101123	25.90	26.06	25.66	25.98	645400
20101122	25.33	26.01	25.33	26.01	907800
20101119	24.93	25.33	24.84	25.27	345400
20101118	24.77	25.16	24.68	25.07	664000
20101117	24.87	25.20	24.50	24.60	637800
20101116	25.02	25.07	24.42	24.90	569700
20101115	25.95	25.96	25.08	25.17	498700
20101112	24.81	25.81	24.56	25.72	1007500
20101111	24.40	25.10	23.85	24.85	1211800
20101110	24.85	24.93	24.38	24.61	268000
20101109	25.33	25.45	24.78	24.83	407900
20101108	25.15	25.58	24.93	25.25	374400
20101105	25.36	25.70	25.15	25.37	629500
20101104	24.96	25.37	24.67	25.29	983100
20101103	24.12	24.77	23.96	24.68	584900
20101102	24.10	24.44	23.87	24.08	404000
20101101	24.50	24.73	23.77	23.83	857500
20101029	23.51	24.95	23.36	24.68	1360700
20101028	23.96	24.05	23.09	23.43	1351800
20101027	23.41	23.75	23.19	23.70	1125100
20101026	22.80	23.48	22.64	23.42	1478700
20101025	22.50	23.12	22.41	22.86	647500
20101022	22.00	22.49	21.95	22.48	524400
20101021	22.20	22.21	21.90	21.95	346700
20101020	22.54	22.65	22.08	22.10	306100
20101019	22.37	22.72	22.10	22.39	521700
20101018	22.76	22.78	22.41	22.74	462600
20101015	22.55	22.72	21.91	22.69	865000
20101014	22.03	22.50	21.79	22.42	848800
20101013	22.21	22.24	21.54	22.00	949000
20101012	22.39	22.39	21.74	22.02	855000
20101011	22.26	22.46	22.07	22.34	387600
20101008	22.65	22.71	22.05	22.20	1114400
20101007	22.34	22.97	22.26	22.88	815800
20101006	22.42	22.69	21.84	22.28	1026300
20101005	22.44	22.62	22.25	22.45	409900
20101004	22.60	22.63	21.92	22.31	785600
20101001	22.62	22.66	22.35	22.63	633000
20100930	22.38	23.00	22.34	22.51	1046400
20100929	22.30	22.50	22.12	22.33	388000
20100928	22.10	22.42	21.81	22.30	654700
20100927	21.98	22.11	21.73	21.95	666300
20100924	21.38	21.78	21.32	21.58	793400
20100923	20.65	21.65	20.22	21.33	1033700
20100922	20.80	21.45	20.70	20.76	1423800
20100921	20.75	21.92	20.43	20.77	971900
20100920	20.14	20.98	19.79	20.63	1249800
20100917	19.40	20.32	19.30	20.04	1540800
20100916	19.01	19.65	19.00	19.25	857600
20100915	19.80	20.11	18.91	19.11	1106400
20100914	18.83	20.18	18.61	19.90	1211500
20100913	18.77	19.07	18.76	18.95	1164100
20100910	19.54	19.65	18.41	18.65	2553700
20100909	20.13	20.30	19.49	19.67	1550000
20100908	20.56	20.69	19.79	20.08	1060400
20100907	20.79	20.99	20.47	20.58	439300
20100903	21.17	21.21	20.73	20.98	524000
20100902	21.21	21.24	20.83	21.05	304700
20100901	20.30	21.36	20.16	21.00	1109500
20100831	19.80	20.25	19.70	20.15	633900
20100830	20.21	20.36	19.93	20.00	590400
20100827	20.62	20.65	20.01	20.31	1051800
20100826	20.52	21.02	20.26	20.60	776900
20100825	20.25	20.42	19.71	20.29	1122100
20100824	20.00	20.48	19.95	20.24	1092600
20100823	20.44	20.57	20.22	20.40	577200
20100820	20.29	20.55	20.29	20.43	415800
20100819	20.67	20.85	20.38	20.51	589100
20100818	20.32	20.82	20.09	20.75	833900
20100817	20.39	20.71	20.29	20.37	774900
20100816	19.99	20.30	19.71	20.27	1485800
20100813	20.38	20.55	19.95	19.99	3957800
20100812	20.45	20.89	20.20	20.41	1832400
20100811	20.54	20.75	19.28	20.23	2330000
20100810	22.58	22.82	22.20	22.30	372200
20100809	22.68	22.93	22.48	22.90	226700
20100806	22.56	22.73	22.39	22.59	271600
20100805	22.11	22.75	22.11	22.74	463900
20100804	21.69	22.45	21.25	22.34	616800
20100803	21.72	21.90	21.37	21.60	417600
20100802	21.98	22.80	21.60	21.83	1010500
20100730	21.58	21.91	21.09	21.76	277500
20100729	21.91	21.99	21.36	21.77	510300
20100728	22.38	22.55	21.77	21.80	355000
20100727	22.85	23.06	22.23	22.42	972000
20100726	22.89	22.95	21.91	22.80	689200
20100723	22.90	23.13	22.50	22.88	631700
20100722	22.03	22.94	21.89	22.85	839700
20100721	22.17	22.36	21.72	21.77	503600
20100720	22.03	22.09	21.60	22.00	712200
20100719	22.05	22.37	21.78	22.27	526200
20100716	22.69	22.95	21.98	21.99	659900
20100715	22.25	23.00	21.91	22.91	835500
20100714	22.50	22.86	22.22	22.29	538400
20100713	22.31	22.50	22.14	22.48	658900
20100712	21.85	22.38	21.45	22.10	499500
20100709	21.74	22.01	21.50	22.01	325500
20100708	21.76	22.00	21.35	21.79	291400
20100707	20.75	21.69	20.50	21.67	949300
20100706	21.81	22.21	20.75	20.87	1058800
20100702	21.48	21.69	21.27	21.57	553400
20100701	21.32	21.55	20.68	21.41	1150300
20100630	20.89	21.31	20.67	21.06	1344400
20100629	21.28	21.29	20.36	20.97	1327400
20100628	21.54	21.86	20.52	21.75	966300
20100625	21.44	22.07	21.13	21.47	9588300
20100624	22.65	22.68	20.73	21.24	1777100
20100623	22.50	22.70	21.51	22.54	1144100
20100622	22.89	23.04	22.10	22.26	1200800
20100621	23.39	23.40	22.38	22.99	711100
20100618	23.29	23.53	22.81	23.04	1272000
20100617	23.29	23.69	23.03	23.35	2053600
20100616	22.22	23.49	22.05	22.88	2692300
20100615	21.75	22.70	21.57	22.25	1208200
20100614	22.15	22.16	21.31	21.51	1340900
20100611	21.50	21.98	21.43	21.93	792900
20100610	21.50	21.97	21.49	21.80	1009900
20100609	21.25	21.90	20.96	21.07	802500
20100608	20.94	21.10	20.62	21.09	1192400
20100607	20.88	21.10	20.55	20.77	735300
20100604	21.40	21.44	20.58	20.81	315700
20100603	21.06	22.00	21.06	21.66	646300
20100602	20.34	21.11	20.34	21.11	861800
20100601	20.66	20.99	20.34	20.39	456100
20100528	21.43	21.49	20.30	20.65	795500
20100527	20.37	21.55	20.29	21.34	1065700
20100526	19.56	20.42	19.48	20.02	946200
20100525	19.00	19.34	18.52	19.23	680400
20100524	19.75	20.00	19.31	19.39	480200
20100521	19.90	20.25	19.54	19.81	823300
20100520	19.77	20.30	19.44	20.10	1112300
20100519	19.84	20.28	18.93	20.02	579000
20100518	20.60	20.88	19.94	20.08	338400
20100517	20.25	20.52	19.92	20.52	292900
20100514	20.41	20.49	19.72	20.23	504900
20100513	20.83	20.83	20.32	20.46	291900
20100512	20.56	20.92	20.50	20.72	353300
20100511	20.33	20.80	20.17	20.66	217400
20100510	20.00	20.91	20.00	20.74	894400
20100507	19.24	19.50	18.38	19.29	602500
20100506	19.57	19.58	18.55	19.20	915500
20100505	19.94	20.06	19.20	19.59	626600
20100504	20.97	20.97	19.92	20.05	554000
20100503	20.65	21.47	20.39	21.12	423900
20100430	21.57	21.69	20.49	20.51	360300
20100429	21.33	21.80	21.33	21.40	318500
20100428	21.18	21.29	20.68	21.01	313900
20100427	21.86	21.86	20.82	21.00	250600
20100426	21.35	22.03	21.30	21.79	255000
20100423	21.43	21.62	21.08	21.49	188600
20100422	21.84	21.86	20.97	21.53	644100
20100421	22.50	22.83	21.46	21.84	540200
20100420	22.47	22.88	22.18	22.37	850600
20100419	21.68	22.04	21.30	21.90	486700
20100416	21.97	21.98	21.67	21.88	343900
20100415	21.60	22.00	21.60	21.96	614800
20100414	20.63	21.56	20.50	21.55	478300
20100413	19.86	20.24	19.75	20.15	236700
20100412	19.92	20.15	19.67	20.02	286700
20100409	20.10	20.14	19.83	20.01	198300
20100408	20.48	20.48	20.08	20.10	140200
20100407	20.58	20.74	20.40	20.48	144600
20100406	20.05	20.83	20.00	20.68	235800
20100405	20.69	20.70	19.79	20.26	612000
20100401	20.69	20.80	20.09	20.50	324600
20100331	20.39	20.68	20.17	20.56	662000
20100330	20.28	20.51	19.96	20.38	353900
20100329	20.09	20.40	19.94	20.22	296100
20100326	19.66	20.20	19.66	19.91	525000
20100325	19.75	19.75	19.31	19.65	583500
20100324	20.20	20.20	19.57	19.62	153500
20100323	19.98	20.30	19.95	20.22	281900
20100322	19.87	20.15	19.70	19.94	473400
20100319	20.00	20.28	19.69	20.11	636500
20100318	19.94	20.00	19.48	19.98	211200
20100317	19.59	19.99	19.56	19.89	309400
20100316	19.42	19.68	19.16	19.50	162300
20100315	19.56	19.56	19.03	19.42	179200
20100312	19.90	20.00	19.44	19.65	498400
20100311	19.79	19.97	19.79	19.86	394700
20100310	19.46	19.98	19.36	19.74	544900
20100309	19.44	20.00	19.15	19.35	922700
20100308	19.48	19.52	19.09	19.31	222000
20100305	19.05	19.66	19.05	19.36	376700
20100304	19.01	19.24	18.50	19.06	396600
20100303	18.75	19.94	18.75	18.91	1063400
20100302	18.19	18.74	18.19	18.72	981000
20100301	18.70	18.80	18.12	18.30	872200
20100226	18.05	18.19	17.96	18.15	280700
20100225	18.00	18.39	17.69	18.09	2319700
20100224	17.50	17.87	17.41	17.74	852300
20100223	17.35	17.49	17.13	17.38	1820200
20100222	17.50	17.59	17.23	17.35	846500
20100219	17.50	17.62	17.36	17.53	374600
20100218	17.47	17.50	17.30	17.45	461900
20100217	17.60	17.60	17.17	17.41	507700
20100216	17.40	17.51	17.27	17.48	422700
20100212	16.98	17.39	16.79	17.36	163200
20100211	16.76	17.25	16.50	17.13	370000
20100210	16.86	16.94	16.51	16.80	578000
20100209	17.04	17.38	16.82	16.99	189600
20100208	17.08	17.29	16.87	17.01	498300
20100205	17.25	17.32	16.60	17.20	538700
20100204	17.38	17.58	17.06	17.22	1376700
20100203	17.54	17.69	17.48	17.62	1285700
20100202	17.51	17.80	17.35	17.70	1772900
20100201	17.38	17.69	17.29	17.50	509500
20100129	17.72	17.86	17.25	17.38	3357000
20100128	17.55	17.74	17.25	17.72	14457600
20100127	17.64	17.95	17.25	17.41	696300
20100126	17.03	18.00	16.84	17.76	765400
20100125	17.67	17.80	17.46	17.65	261400
20100122	17.88	18.06	17.38	17.56	923500
20100121	17.87	18.49	17.79	17.99	338600
20100120	17.71	18.01	17.44	17.96	193800
20100119	17.90	18.15	17.30	17.81	381300
20100115	18.56	18.56	18.15	18.24	158700
20100114	18.48	18.87	18.15	18.43	1065400
20100113	18.96	18.96	18.25	18.42	943900
20100112	19.14	19.14	18.74	19.00	916700
20100111	19.20	19.55	19.03	19.29	512700
20100108	18.90	19.30	18.85	19.17	289900
20100107	19.04	19.17	18.65	19.03	271800
20100106	18.95	19.30	18.59	19.15	533100
20100105	18.95	19.24	18.10	19.00	301100
20100104	18.30	18.90	18.01	18.86	538700
20091231	17.61	18.29	17.61	18.29	555800
20091230	17.31	17.78	17.31	17.69	302500
20091229	17.52	17.68	17.40	17.53	227600
20091228	16.75	17.80	16.75	17.38	795400
20091224	16.72	17.00	16.72	16.78	30800
20091223	16.75	16.84	16.65	16.78	223500
20091222	16.50	16.73	16.23	16.73	312700
20091221	16.79	16.85	16.36	16.49	144300
20091218	16.30	16.80	16.23	16.39	417800
20091217	16.91	16.98	16.14	16.31	149000
20091216	16.88	17.13	16.74	17.00	315700
20091215	16.85	16.90	16.71	16.74	140400
20091214	16.74	16.90	16.69	16.85	224800
20091211	16.69	16.70	16.46	16.58	77400
20091210	16.80	16.99	16.75	16.77	255500
20091209	16.61	16.81	16.34	16.81	96700
20091208	16.61	16.97	16.55	16.75	249500
20091207	16.50	16.93	16.50	16.87	308400
20091204	16.40	16.71	15.60	16.52	946800
20091203	15.58	15.94	15.58	15.93	507900
20091202	16.03	16.11	15.38	15.61	846500
20091201	15.90	16.34	15.90	15.96	417800
20091130	15.87	15.99	15.25	15.86	276500
20091127	15.13	15.88	15.06	15.86	61600
20091125	15.38	15.98	15.36	15.50	135300
20091124	15.10	15.33	15.01	15.26	522800
20091123	15.54	15.61	15.15	15.19	465300
20091120	15.56	15.65	15.31	15.44	423700
20091119	15.84	15.89	15.25	15.57	116600
20091118	16.15	16.15	15.81	16.03	115500
20091117	15.83	16.19	15.58	16.07	98500
20091116	15.63	16.21	15.53	16.01	155600
20091113	15.61	15.75	15.41	15.58	62100
20091112	15.40	15.95	15.40	15.60	130000
20091111	15.53	15.53	15.12	15.36	153500
20091110	15.69	15.69	15.18	15.45	146800
20091109	15.26	15.74	15.09	15.66	252900
20091106	15.32	15.69	14.87	15.29	257500
20091105	15.02	15.74	14.85	15.32	274100
20091104	14.60	15.25	14.33	14.78	805300
20091103	14.68	14.82	14.44	14.49	363700
20091102	15.10	15.10	14.72	14.87	276600
20091030	15.10	15.19	14.87	15.00	278100
20091029	14.95	15.20	14.72	15.04	1183300
20091028	15.50	15.50	14.89	14.93	622000
20091027	15.95	15.99	15.26	15.45	328800
20091026	15.91	16.12	15.81	15.84	162400
20091023	16.13	16.41	15.92	16.05	1134100
20091022	16.33	16.33	15.61	16.28	983400
20091021	16.37	16.91	16.11	16.49	233800
20091020	16.34	16.73	16.27	16.53	489000
20091019	16.46	16.64	16.06	16.24	2142900
20091016	17.23	17.23	16.21	16.43	1263800
20091015	17.40	17.95	17.10	17.16	2092000
20091014	16.84	17.00	16.54	16.86	695500
20091013	16.19	16.67	16.15	16.53	557300
20091012	16.22	16.45	16.04	16.34	1288800
20091009	15.98	16.45	15.94	16.25	870500
20091008	16.11	16.18	15.94	16.01	557300
20091007	16.57	16.61	15.92	16.13	291700
20091006	16.74	17.20	16.44	16.47	469400
20091005	16.10	16.53	16.00	16.49	188900
20091002	16.20	16.36	15.90	16.09	629600
20091001	17.00	17.09	16.21	16.31	660500
20090930	17.00	17.33	16.96	17.07	512600
20090929	17.55	17.84	16.95	17.03	356700
20090928	17.32	17.85	17.03	17.65	233600
20090925	17.48	17.48	17.10	17.13	468500
20090924	17.33	17.85	16.75	17.49	778800
20090923	17.62	17.79	17.30	17.40	530300
20090922	16.96	17.37	16.82	17.25	1114100
20090921	16.28	16.63	15.87	16.61	553000
20090918	16.57	17.02	16.18	16.20	899900
20090917	17.66	17.90	16.53	16.64	1446400
20090916	17.40	17.75	17.11	17.58	2021100
20090915	17.25	17.35	16.63	17.18	1986900
20090914	16.64	16.90	16.31	16.65	1614500
20090911	17.00	17.33	16.54	16.88	620300
20090910	17.01	17.46	16.95	17.05	415200
20090909	17.85	17.85	17.22	17.26	551200
20090908	17.76	17.93	17.45	17.70	574900
20090904	17.75	18.00	17.49	17.76	1158600
20090903	17.97	17.97	17.00	17.45	3657700
20090902	17.76	18.25	17.48	17.68	1293400
20090901	18.25	18.44	16.94	17.85	1383500
20090831	18.35	18.40	17.81	18.20	1004800
20090828	18.10	19.00	18.00	18.47	1295000
20090827	17.85	18.21	17.55	18.16	1161100
20090826	17.69	17.85	17.15	17.85	708600
20090825	17.65	17.90	17.55	17.85	530800
20090824	17.52	17.85	17.30	17.50	1021600
20090821	17.79	17.97	17.58	17.82	863600
20090820	17.95	17.95	17.29	17.76	1882100
20090819	16.84	17.94	16.80	17.89	2070800
20090818	16.48	17.20	16.35	17.07	1446700
20090817	16.27	16.37	16.20	16.22	254400
20090814	16.50	17.00	16.25	16.60	637800
20090813	16.00	16.72	16.00	16.55	1150600
20090812	16.15	16.20	15.66	16.00	1451300
20090811	15.98	16.00	15.50	15.67	2305400
20090810	16.63	16.63	15.61	15.97	2421000
20090807	16.15	16.76	16.03	16.43	2454300
20090806	16.50	16.91	15.56	16.18	24197800