Date	Open	High	Low	Close	Volume
20130923	145.61	149.95	145.22	149.26	3128000
20130920	148.02	149.14	145.56	146.25	3223000
20130919	146.33	149.74	146.06	147.70	3433200
20130918	143.81	145.95	143.20	145.70	2722700
20130917	142.21	143.93	141.32	143.81	2130900
20130916	143.85	147.38	141.29	142.59	3194400
20130913	145.48	146.01	141.28	142.64	2923000
20130912	147.37	147.60	143.60	144.50	2922400
20130911	139.80	148.25	139.80	147.31	6915300
20130910	137.82	140.90	137.51	140.60	4432000
20130909	137.46	137.73	134.40	136.58	2790100
20130906	133.28	136.69	132.62	135.67	5224100
20130905	134.82	134.95	132.31	132.99	3481400
20130904	137.20	137.20	133.70	134.49	3037900
20130903	137.89	139.42	135.83	136.17	3164100
20130830	139.70	140.09	135.10	135.53	2607500
20130829	139.00	140.69	138.53	139.76	2417800
20130828	134.84	139.59	133.65	138.98	2968100
20130827	137.35	138.00	134.70	135.12	2713900
20130826	139.40	140.93	138.13	139.02	3097600
20130823	140.58	140.58	137.65	138.64	2104600
20130822	137.54	142.35	137.54	139.54	2816700
20130821	134.56	136.62	134.08	135.99	2373600
20130820	134.75	136.50	134.33	134.96	1950600
20130819	134.48	137.79	133.24	135.01	2294600
20130816	135.17	135.79	132.69	134.64	2908700
20130815	137.00	138.43	134.32	134.92	2846600
20130814	140.55	143.12	138.11	138.51	3496600
20130813	137.56	142.50	136.76	141.53	4750500
20130812	137.07	139.39	135.66	136.73	3235100
20130809	137.78	139.50	137.11	138.19	2969500
20130808	136.79	136.95	134.39	135.74	2275500
20130807	134.49	135.75	132.64	135.33	2394400
20130806	133.07	135.87	132.96	134.56	3520800
20130805	138.75	139.18	132.18	133.89	5522900
20130802	134.50	139.85	133.84	139.70	6860200
20130801	133.65	135.00	132.18	134.93	4080300
20130731	131.00	133.35	130.41	132.31	4320000
20130730	129.30	132.00	127.60	131.69	4590800
20130729	126.34	130.33	126.33	129.33	5778400
20130726	125.08	129.60	124.27	127.56	8069500
20130725	129.09	132.86	120.26	125.85	21631300
20130724	109.76	113.88	109.37	113.37	7538500
20130723	111.31	111.31	108.47	109.84	3329200
20130722	110.00	112.07	109.80	110.01	4251900
20130719	110.32	111.88	108.42	111.08	4099100
20130718	107.52	111.59	107.52	111.20	6282500
20130717	105.43	108.92	104.62	108.53	4970900
20130716	107.25	108.05	104.61	105.69	9535300
20130715	97.09	102.28	97.08	101.59	5720100
20130712	96.58	97.05	95.18	96.85	3337300
20130711	94.40	97.25	94.01	97.08	3812700
20130710	92.61	94.18	92.40	93.43	1767300
20130709	91.24	93.12	90.16	92.69	3185600
20130708	91.52	92.48	90.41	90.50	2810700
20130705	90.96	92.40	89.44	91.52	2922400
20130703	89.78	90.60	88.89	89.22	2011000
20130702	92.10	93.45	89.67	90.31	3176100
20130701	95.35	95.50	92.22	92.50	2608600
20130628	93.64	95.09	92.57	94.60	2218700
20130627	94.99	95.22	93.76	94.19	2159100
20130626	91.95	94.50	91.28	93.72	3233700
20130625	90.74	91.75	89.51	91.09	4494100
20130624	91.16	91.28	88.08	89.89	5475400
20130621	93.45	94.20	92.52	93.41	3656900
20130620	93.99	94.50	92.84	93.23	5011500
20130619	95.60	95.97	94.18	94.55	4052100
20130618	96.25	97.33	96.01	96.30	3289900
20130617	98.90	99.00	96.15	96.76	3888700
20130614	99.41	100.04	97.07	98.00	3059600
20130613	97.52	99.77	96.70	99.66	2970300
20130612	100.08	100.29	96.50	97.51	3638600
20130611	100.91	101.76	99.03	99.43	3502500
20130610	102.48	103.58	100.26	102.99	3790900
20130607	99.57	103.61	99.30	102.67	6804500
20130606	94.86	99.22	94.46	98.89	3630700
20130605	95.98	96.12	94.23	94.95	3004900
20130604	96.18	97.20	95.67	96.06	2284300
20130603	97.04	97.38	95.50	96.35	3066200
20130531	97.50	98.32	96.60	96.64	3758300
20130530	96.18	98.24	95.73	97.77	3553900
20130529	96.94	97.50	95.58	96.55	2932800
20130528	97.88	98.50	96.55	97.28	5206600
20130524	93.75	97.27	93.75	96.45	4487200
20130523	92.81	95.44	92.30	93.89	4227600
20130522	98.80	100.49	93.80	95.14	6932000
20130521	100.30	100.40	97.83	99.03	4906700
20130520	94.72	100.68	94.68	100.49	6853100
20130517	93.60	95.17	92.52	94.72	4206600
20130516	93.49	94.21	92.52	92.69	3021500
20130515	92.11	95.15	92.10	93.55	4525000
20130514	92.81	93.00	90.16	92.84	4422300
20130513	95.50	95.50	92.84	93.14	4213100
20130510	94.84	95.56	93.67	95.45	4699100
20130509	92.75	95.23	91.35	94.25	4855600
20130508	89.50	93.40	89.18	92.91	5664600
20130507	88.58	89.88	87.60	89.30	4660700
20130506	84.91	87.89	84.86	87.65	4241000
20130503	85.95	86.13	84.45	84.51	4025400
20130502	85.12	85.78	84.48	85.00	3413900
20130501	85.85	85.85	84.66	84.86	2757200
20130430	85.77	86.50	85.25	85.85	3490100
20130429	86.40	88.07	85.14	85.49	5807700
20130426	84.09	86.36	83.89	85.02	14187700
20130425	89.28	92.74	89.00	92.34	7480300
20130424	87.85	89.55	87.11	88.09	3523000
20130423	85.32	88.65	84.22	87.85	3977800
20130422	86.79	87.00	85.17	85.66	3570700
20130419	86.59	87.35	86.04	86.43	2010100
20130418	88.83	88.87	85.77	86.47	3199200
20130417	89.25	90.55	88.38	88.61	3409800
20130416	89.20	90.95	89.05	90.29	2801300
20130415	89.33	91.23	88.33	88.57	3435800
20130412	88.73	91.49	88.61	90.62	4016600
20130411	90.01	90.31	88.57	88.76	2943200
20130410	88.00	91.10	86.73	90.07	7747000
20130409	84.17	85.35	83.71	84.87	3378800
20130408	83.27	84.28	83.27	84.07	2029200
20130405	84.10	84.38	82.98	83.59	3457800
20130404	86.13	86.15	84.92	85.16	3338400
20130403	88.37	89.00	85.80	85.96	2979800
20130402	87.28	88.95	87.03	88.12	2873200
20130401	87.82	87.89	86.60	87.05	1951300
20130328	87.41	88.22	85.96	87.70	3597800
20130327	85.55	88.39	85.42	88.13	3467100
20130326	85.74	86.39	84.95	86.07	2132900
20130325	87.05	87.05	84.69	85.33	3081300
20130322	86.13	86.80	85.17	86.49	2039900
20130321	86.10	86.85	85.26	85.92	3034100
20130320	85.04	86.85	83.99	86.10	4689400
20130319	85.33	85.66	83.35	84.24	4282100
20130318	84.09	86.39	83.31	85.17	6811600
20130315	86.16	86.40	84.88	85.08	6763500
20130314	88.27	88.69	86.09	86.33	4289700
20130313	87.75	88.16	86.51	87.65	3375700
20130312	88.93	89.19	87.33	87.75	4223400
20130311	89.25	90.00	88.17	89.43	3108600
20130308	91.00	91.14	89.18	89.22	3249100
20130307	90.26	90.76	89.51	90.42	2003100
20130306	90.79	91.32	89.50	89.93	3223700
20130305	90.68	92.09	89.71	91.37	4774900
20130304	91.81	92.32	88.84	90.26	5291500
20130301	90.00	93.21	89.96	92.56	3462500
20130228	89.85	91.60	89.38	90.76	2942600
20130227	90.28	90.28	88.84	89.35	2782900
20130226	88.26	90.45	88.19	89.73	4227700
20130225	89.45	89.98	88.00	88.01	2515700
20130222	89.92	89.96	87.54	89.18	3164000
20130221	88.25	90.80	87.87	88.77	5320100
20130220	91.88	92.20	88.10	88.45	7840600
20130219	92.85	93.64	91.74	92.18	5698600
20130215	95.39	95.43	94.01	94.32	3680800
20130214	95.02	96.67	95.02	95.18	4078600
20130213	95.43	96.70	94.38	95.91	3249300
20130212	96.52	96.91	95.31	95.53	3684400
20130211	96.67	96.99	95.47	96.37	2888300
20130208	96.82	97.39	95.61	96.86	4072300
20130207	98.25	98.65	95.91	96.27	6718400
20130206	96.76	98.95	96.22	98.37	6076500
20130205	99.00	99.65	95.30	96.37	17629200
20130204	108.53	108.70	106.58	107.20	6121700
20130201	108.86	109.03	107.31	108.61	3995700
20130131	108.21	109.46	107.79	108.30	2908900
20130130	110.12	110.12	107.50	108.98	3205500
20130129	112.00	113.56	108.25	109.45	4542400
20130128	108.47	111.82	108.22	111.39	5502700
20130125	108.08	109.53	107.50	108.01	2863400
20130124	108.91	110.57	107.16	107.92	4813500
20130123	110.03	111.25	108.11	108.30	3548700
20130122	109.61	110.00	106.50	108.91	4770200
20130118	109.78	111.29	108.84	109.84	3121700
20130117	110.98	111.50	108.23	108.43	3668500
20130116	111.11	111.89	109.71	109.93	2834700
20130115	111.71	112.34	109.22	111.66	3978200
20130114	114.09	114.88	111.52	112.64	3658900
20130111	109.90	114.43	109.65	112.97	8489900
20130110	105.46	111.50	105.40	110.57	9880100
20130109	101.81	104.73	101.51	104.34	3379000
20130108	102.00	102.76	100.60	101.09	2865300
20130107	102.04	102.57	99.32	102.29	3989900
20130104	104.66	104.86	102.52	104.65	2721900
20130103	104.00	106.90	103.82	104.98	4454400
20130102	103.33	104.75	102.51	104.12	4084800
20121231	99.23	101.05	97.50	100.29	3126300
20121228	98.43	100.73	97.71	99.00	2877800
20121227	102.12	102.15	98.19	99.43	3882900
20121226	96.49	102.50	96.49	101.45	5018500
20121224	97.85	98.46	96.10	96.77	1852100
20121221	97.35	99.30	97.01	98.70	3278700
20121220	100.73	100.95	98.13	99.84	4182600
20121219	97.53	101.80	97.21	100.58	4801000
20121218	97.29	98.64	96.71	98.55	3385500
20121217	98.00	98.86	94.75	96.26	4245600
20121214	96.24	97.94	96.11	97.40	3813300
20121213	95.77	97.60	94.63	95.25	4032500
20121212	94.50	96.96	94.25	96.09	4679500
20121211	92.90	94.50	92.52	94.10	4667600
20121210	89.29	92.14	88.80	91.75	4751200
20121207	89.22	90.29	87.85	89.36	3553000
20121206	88.51	89.50	85.96	89.02	8117400
20121205	90.26	91.68	87.96	88.12	8067800
20121204	95.50	95.81	89.16	90.24	12490100
20121203	96.93	97.80	95.81	95.90	4210400
20121130	98.75	99.31	95.28	96.31	4449800
20121129	96.69	99.40	95.14	99.00	5926600
20121128	94.24	96.34	93.39	95.81	3492500
20121127	95.32	95.58	94.45	94.52	3360400
20121126	96.76	96.76	94.35	95.45	3834900
20121123	94.82	97.41	94.00	96.22	4649900
20121121	94.77	95.00	90.55	93.24	6673600
20121120	92.43	95.40	92.42	94.05	5141800
20121119	94.37	94.80	91.84	92.42	4983300
20121116	94.10	94.29	91.81	92.68	6139200
20121115	94.51	95.78	93.30	93.83	6269000
20121114	98.60	98.65	91.88	93.57	16215800
20121113	103.54	103.62	98.26	98.60	10354000
20121112	104.21	105.32	103.80	104.60	1985500
20121109	103.28	105.36	103.01	103.73	4277000
20121108	104.74	105.50	103.61	103.70	2838800
20121107	104.21	105.30	103.26	104.51	3339900
20121106	104.81	106.09	104.50	105.94	3036700
20121105	105.00	106.41	102.55	103.80	5642000
20121102	107.13	107.90	104.85	105.09	5979400
20121101	107.36	108.08	105.36	106.70	7203900
20121031	106.81	110.50	106.29	106.73	10033700
20121026	114.57	114.75	112.00	113.84	3456700
20121025	113.66	115.64	113.50	114.01	3295600
20121024	115.83	115.88	113.32	113.99	3625400
20121023	112.70	115.17	112.12	114.99	3664900
20121022	112.81	115.22	112.41	113.71	3214600
20121019	113.12	113.90	111.56	112.38	3278500
20121018	115.00	116.27	111.20	113.18	5349300
20121017	113.84	115.27	112.35	114.85	3601800
20121016	113.29	114.80	112.25	113.41	4273700
20121015	111.81	113.98	111.01	113.82	4219300
20121012	109.50	111.68	108.20	111.22	4674800
20121011	109.52	111.00	107.80	109.04	3648300
20121010	106.62	109.23	106.50	108.13	5837300
20121009	110.66	110.95	105.94	106.49	10830900
20121008	113.08	115.25	112.78	114.29	1949700
20121005	113.74	116.80	113.53	114.20	4984600
20121004	112.39	113.62	111.62	113.20	2466000
20121003	112.42	112.94	111.24	112.07	3002700
20121002	112.00	113.10	110.88	112.34	3654200
20121001	114.47	115.30	111.81	112.77	6631900
20120928	114.32	117.20	113.80	116.89	6228100
20120927	113.21	114.75	112.81	114.60	4674400
20120926	111.13	113.88	110.80	112.19	4533700
20120925	113.50	115.79	112.05	112.52	6452900
20120924	110.20	113.71	110.15	113.18	4589500
20120921	112.07	112.51	110.06	111.11	6109100
20120920	112.28	112.94	110.84	111.27	4609500
20120919	112.82	114.85	111.02	114.14	4949400
20120918	112.98	113.00	110.90	111.99	4560500
20120917	116.44	116.44	112.66	113.31	5026700
20120914	112.26	116.29	111.85	115.62	9772500
20120913	108.39	110.91	107.56	109.83	6525000
20120912	110.00	110.04	106.60	107.09	7127000
20120911	109.92	110.01	107.50	109.81	5034500
20120910	109.10	110.72	106.87	109.16	7169200
20120907	114.00	114.45	109.40	109.59	9645200
20120906	113.50	113.54	108.88	112.74	9515300
20120905	113.61	114.64	111.62	111.94	4763100
20120904	112.36	115.44	111.54	114.51	5390600
20120831	113.67	113.70	110.27	111.44	4945200
20120830	113.53	114.33	111.58	112.01	4992100
20120829	118.00	118.77	113.06	113.10	9709500
20120828	118.26	121.19	117.23	120.62	8268800
20120827	116.00	117.35	115.25	116.90	4052600
20120824	114.36	116.50	112.68	115.72	6525000
20120823	122.07	122.70	110.13	115.09	21358100
20120822	121.00	124.04	119.26	122.80	8241900
20120821	130.00	130.00	123.20	123.40	9586400
20120820	133.91	133.96	130.12	130.91	3082000
20120817	134.71	134.71	132.19	133.98	3004700
20120816	130.99	134.38	130.00	133.66	5075200
20120815	130.01	131.34	129.55	130.10	1898600
20120814	131.55	132.40	129.87	130.46	2409000
20120813	131.07	131.85	128.76	130.79	2877500
20120810	130.08	131.35	129.79	131.06	1877200
20120809	131.00	132.00	129.78	130.94	2533000
20120808	129.69	131.78	128.92	131.27	3265500
20120807	129.91	132.08	129.20	130.32	3880000
20120806	126.18	131.10	125.70	128.94	6149700
20120803	124.25	125.00	123.00	124.84	2828900
20120802	121.67	125.68	121.24	122.03	4596500
20120801	122.05	123.68	120.98	123.24	3569500
20120731	121.23	123.76	119.71	120.52	3475200
20120730	123.31	123.70	119.37	121.29	3807100
20120727	119.90	124.20	118.54	123.70	6188800
20120726	116.44	119.30	116.00	118.62	4947800
20120725	115.70	116.62	113.21	114.41	5250600
20120724	113.92	120.12	113.83	114.95	16856800
20120723	107.55	108.90	104.91	107.10	7593200
20120720	111.75	111.90	108.12	110.23	5166600
20120719	108.83	111.00	107.28	110.74	5090400
20120718	104.08	108.50	104.04	107.45	4791600
20120717	105.76	105.93	99.71	104.98	10098900
20120716	108.90	109.19	107.00	107.35	2766600
20120713	108.71	109.88	107.60	109.71	2906100
20120712	108.00	109.90	106.80	108.21	3443900
20120711	109.70	110.45	108.06	108.92	4263000
20120710	114.06	114.38	108.50	109.30	4344200
20120709	115.84	116.30	112.86	113.17	2621600
20120706	116.57	116.82	115.07	115.91	2533200
20120705	114.10	117.85	114.03	117.21	3199900
20120703	112.64	114.95	112.34	114.72	1927500
20120702	115.07	115.44	111.31	112.69	3709800
20120629	111.54	115.00	110.53	114.98	4627300
20120628	110.31	110.60	107.50	108.62	4055200
20120627	111.50	112.49	110.70	111.40	3183600
20120626	112.37	112.71	110.00	110.59	4274400
20120625	112.89	113.32	110.00	111.02	4086700
20120622	114.25	114.80	113.05	114.61	3125900
20120621	117.32	117.69	113.00	113.08	4195100
20120620	121.80	121.81	116.76	117.38	4543800
20120619	122.03	122.11	120.50	121.72	4084700
20120618	118.17	122.00	117.88	121.37	2609200
20120615	117.97	120.03	117.68	119.38	3327700
20120614	117.54	118.79	116.37	117.64	2577300
20120613	117.28	119.55	116.27	116.72	3740000
20120612	121.43	121.68	116.93	117.94	4613000
20120611	123.95	123.95	120.41	120.80	3418400
20120608	121.00	121.59	118.30	121.31	3474200
20120607	122.33	124.80	122.10	122.46	5059600
20120606	118.99	120.72	118.62	119.12	2865500
20120605	115.62	117.92	115.36	117.28	2538100
20120604	113.34	115.90	112.50	115.68	4547400
20120601	115.00	115.89	112.93	113.35	4084100
20120531	118.26	118.90	116.13	117.77	3052200
20120530	119.71	120.16	117.00	118.16	3706800
20120529	119.64	122.85	119.30	121.59	3811300
20120525	118.10	119.17	116.75	117.59	2590000
20120524	121.85	122.22	117.27	118.26	4406100
20120523	118.09	122.46	117.60	122.29	3689700
20120522	122.10	122.40	118.17	119.34	4251500
20120521	115.03	122.10	115.03	121.75	5305200
20120518	118.35	121.09	115.35	115.37	4414900
20120517	122.82	123.39	117.04	117.40	5517100
20120516	124.34	125.21	121.84	122.26	4076100
20120515	122.92	125.39	121.83	123.87	4262200
20120514	121.23	124.58	120.95	121.83	4208000
20120511	121.51	124.44	121.01	122.23	5628700
20120510	125.12	125.52	122.38	123.66	5228500
20120509	125.00	126.11	123.55	123.70	5259200
20120508	127.01	129.17	123.60	127.31	4805800
20120507	129.01	129.31	127.03	127.97	3277200
20120504	132.01	133.00	130.00	130.02	3952900
20120503	134.27	134.50	131.89	133.11	3294900
20120502	133.26	135.30	133.01	134.10	3173900
20120501	132.65	135.74	132.65	133.48	3356600
20120430	133.05	133.10	131.66	132.70	3088200
20120427	134.63	135.13	133.39	134.44	3218100
20120426	133.93	136.20	131.62	133.21	5965400
20120425	130.00	136.18	128.94	134.82	14049800
20120424	139.30	139.91	135.75	135.83	6924700
20120423	141.35	141.97	135.69	139.66	6833100
20120420	146.41	146.65	144.50	144.91	3395200
20120419	147.96	149.42	144.36	144.74	4022100
20120418	148.05	148.75	145.65	147.92	3563800
20120417	147.58	149.48	146.50	147.49	3658500
20120416	152.50	152.85	146.14	147.66	5440200
20120413	150.48	152.84	148.92	151.38	6095500
20120412	147.35	151.84	145.80	151.32	6033400
20120411	147.00	148.00	145.10	146.16	3957000
20120410	150.06	151.86	143.70	144.42	6399000
20120409	146.25	149.56	145.40	148.80	4486100
20120405	144.06	148.50	144.00	148.25	4072400
20120404	145.54	146.64	143.51	144.69	3643700
20120403	147.98	148.33	146.57	147.06	3766600
20120402	144.63	148.57	144.10	146.70	5048600
20120330	147.89	148.10	144.16	145.77	5207000
20120329	145.11	147.50	143.86	146.41	5740200
20120328	150.78	150.80	146.00	148.09	6271000
20120327	150.27	154.15	148.50	150.02	7585600
20120326	145.62	150.97	145.56	150.80	8592200
20120323	144.24	145.00	141.86	144.32	6026600
20120322	139.13	144.96	139.00	143.72	7961500
20120321	137.60	142.85	137.60	140.61	8899700
20120320	136.35	137.90	134.25	137.35	4437300
20120319	135.99	139.20	134.82	137.94	4436400
20120316	136.32	138.45	134.50	136.09	4383600
20120315	137.20	137.33	135.31	136.34	3317400
20120314	139.33	140.84	135.09	136.51	5021600
20120313	138.84	140.22	137.60	140.18	5053700
20120312	138.37	140.08	136.15	137.80	3485800
20120309	138.32	139.99	138.07	138.53	4211400
20120308	137.14	138.10	136.28	137.19	3204500
20120307	135.29	135.76	133.51	134.94	3591700
20120306	133.70	134.45	131.40	133.27	5064000
20120305	140.05	140.84	135.90	136.66	5107400
20120302	139.70	141.48	139.07	141.43	5936500
20120301	137.98	139.84	136.20	138.87	4657100
20120229	139.00	139.59	136.19	136.70	4689700
20120228	135.00	138.40	134.61	138.29	5234100
20120227	133.79	135.80	133.70	134.54	3071200
20120224	133.77	135.60	133.62	134.89	4612400
20120223	134.53	134.99	131.70	132.85	4391200
20120222	130.86	134.90	130.75	133.71	7246000
20120221	136.93	137.95	129.02	130.64	10789500
20120217	140.92	140.92	134.68	136.90	15891200
20120216	139.61	142.49	137.55	141.83	10380400
20120215	142.09	142.36	137.38	138.32	6128400
20120214	141.72	142.22	139.68	140.86	7138800
20120213	138.80	140.09	137.13	140.00	6231900
20120210	134.28	138.00	133.49	136.59	7129400
20120209	131.65	135.83	131.00	135.45	6766800
20120208	130.76	132.26	129.29	130.89	5331500
20120207	131.02	132.23	128.94	129.49	5828200
20120206	130.81	132.78	129.72	131.37	6010200
20120203	132.52	135.68	132.12	134.53	7012300
20120202	128.00	131.23	127.11	130.79	5949100
20120201	129.81	129.90	126.06	127.73	5824600
20120131	129.01	130.66	125.81	127.52	6414000
20120130	130.93	132.25	128.12	130.73	7871300
20120127	124.20	131.90	124.11	131.36	8589800
20120126	124.29	127.21	122.83	123.90	5636000
20120125	122.51	125.52	121.07	125.03	4876400
20120124	123.20	123.40	121.00	121.75	4875800
20120123	123.34	126.80	123.34	123.93	7128800
20120120	122.95	124.54	121.50	122.80	6038500
20120119	127.46	127.53	123.00	123.62	10790500
20120118	128.83	129.73	125.31	126.07	6589400
20120117	131.30	131.50	128.60	128.85	6150400
20120113	127.02	128.91	126.50	127.41	4045800
20120112	129.00	130.25	127.67	128.30	4908500
20120111	126.47	128.59	125.53	128.19	5328900
20120110	124.21	127.30	124.00	126.88	6929000
20120109	122.97	122.97	117.17	120.11	5594500
20120106	123.72	124.11	120.00	121.09	4978100
20120105	121.10	124.00	120.68	123.27	4772700
20120104	122.75	123.60	121.15	121.99	4398200
20120103	120.00	125.14	120.00	124.29	7311200
20111230	114.08	116.80	113.82	116.47	5057000
20111229	116.02	116.38	113.17	114.72	4212200
20111228	116.03	117.66	115.02	116.50	3746800
20111227	117.08	117.93	115.83	116.25	2601200
20111223	116.64	118.70	116.00	117.81	3771800
20111222	113.14	116.75	112.75	115.56	4517100
20111221	117.39	117.39	111.00	112.97	6653800
20111220	114.00	118.78	112.21	118.40	7258200
20111219	113.93	114.99	111.07	111.45	4946900
20111216	114.48	116.17	110.90	114.52	8987400
20111215	119.11	119.29	110.69	114.34	10192300
20111214	120.03	120.20	115.82	117.97	7146100
20111213	127.89	128.38	121.66	122.22	6803800
20111212	128.54	128.80	125.25	127.65	4120000
20111209	126.71	131.00	125.56	130.52	4766800
20111208	128.37	130.38	126.37	126.63	3914500
20111207	130.53	131.50	127.26	129.33	3523600
20111206	134.22	135.48	130.03	131.25	4555600
20111205	136.44	137.21	133.80	134.63	4420400
20111202	136.49	136.63	133.64	134.09	3482300
20111201	130.15	135.99	130.10	134.83	5194500
20111130	131.31	131.65	129.10	130.99	6114200
20111129	127.40	127.50	124.67	124.92	4573600
20111128	125.45	127.68	123.61	126.81	6408500
20111125	118.60	121.36	118.44	119.91	2792400
20111123	122.64	123.39	119.03	119.55	4581600
20111122	123.48	127.05	121.88	124.28	4559100
20111121	123.36	124.82	118.00	124.17	8811500
20111118	131.96	131.96	126.05	126.93	5627900
20111117	137.79	137.99	128.93	131.10	7512000
20111116	139.80	140.40	137.74	138.10	4085900
20111115	138.02	141.35	137.64	140.74	5224900
20111114	137.00	140.20	136.50	138.88	3387200
20111111	137.39	138.22	135.00	137.76	3589500
20111110	138.18	138.64	133.60	135.68	4302200
20111109	139.50	140.25	135.73	136.17	5554000
20111108	141.60	142.72	138.60	141.94	4848600
20111107	142.66	143.89	139.60	140.78	4214000
20111104	142.94	143.60	138.95	143.18	4668600
20111103	142.82	144.94	140.00	143.50	6296700
20111102	139.80	141.88	139.33	140.55	6812300
20111101	133.37	136.99	132.80	135.05	6987000
20111031	140.74	143.91	138.79	140.18	6463900
20111028	145.00	147.68	142.64	144.62	13956300
20111027	137.17	140.00	133.80	138.39	14125400
20111026	130.70	131.98	125.58	130.80	9529900
20111025	132.18	132.18	126.20	127.98	7107200
20111024	123.66	132.85	123.50	132.02	9547900
20111021	126.16	126.29	119.58	122.16	8088900
20111020	122.38	125.82	121.66	123.87	8534800
20111019	130.82	133.98	125.35	126.23	7866500
20111018	133.98	133.98	126.56	132.37	9791200
20111017	136.29	138.38	134.22	135.61	7145700
20111014	138.52	138.53	135.00	137.60	8221600
20111013	130.70	133.30	127.85	132.97	9253700
20111012	130.20	134.85	129.51	130.83	10925900
20111011	123.88	129.75	122.25	129.47	8916200
20111010	120.86	127.54	119.48	124.54	9041000
20111007	123.24	123.53	115.54	119.21	10142900
20111006	113.51	120.92	113.01	120.89	12914200
20111005	108.99	111.24	103.86	111.17	13260400
20111004	103.70	110.22	102.00	110.09	11698900
20111003	104.71	109.22	104.40	105.16	11558400
20110930	102.87	114.87	100.95	106.91	22552600
20110929	124.23	124.39	106.37	110.29	25017500
20110928	127.11	128.50	120.73	121.42	7624600
20110927	126.68	130.77	126.11	127.72	9555800
20110926	124.77	125.00	114.30	122.56	11564300
20110923	121.51	125.00	120.67	123.40	9646900
20110922	134.37	134.73	119.61	123.18	17805000
20110921	141.09	143.36	138.27	138.33	7319700
20110920	146.06	150.46	138.58	139.93	13427400
20110919	144.96	146.50	142.02	145.64	6188000
20110916	146.91	147.94	145.50	146.95	5024200
20110915	148.50	149.05	145.51	147.17	5965200
20110914	145.67	149.29	144.36	147.48	7814600
20110913	144.61	145.25	142.60	144.58	4744200
20110912	141.64	145.00	140.65	144.23	5137900
20110909	146.30	148.30	142.03	143.63	7596000
20110908	144.95	149.62	144.80	147.01	7221400
20110907	144.19	146.86	141.30	146.05	8428300
20110906	135.80	143.50	135.51	143.19	6997900
20110902	140.00	141.84	137.73	140.45	5829800
20110901	145.03	147.40	143.70	144.29	5499400
20110831	150.62	151.11	142.82	145.78	9324400
20110830	141.93	149.80	141.50	148.35	10779500
20110829	143.35	143.81	140.79	143.30	6703200
20110826	133.43	140.00	132.31	139.70	9939700
20110825	135.74	136.50	132.32	133.09	6059700
20110824	136.47	137.86	131.06	133.68	9298600
20110823	129.00	136.50	128.06	136.36	10000400
20110822	132.32	132.87	125.78	126.65	9321300
20110819	126.31	135.65	125.11	126.98	14502200
20110818	132.00	133.37	126.61	128.77	14247300
20110817	137.28	138.37	132.10	137.96	11735700
20110816	138.56	139.46	134.37	136.92	17187500
20110815	152.00	152.09	142.70	144.64	14636700
20110812	151.64	151.98	149.35	150.15	7487800
20110811	143.95	151.49	141.70	148.15	11648400
20110810	140.56	145.99	138.25	140.79	12165700
20110809	133.89	143.85	133.00	143.64	16143200
20110808	132.10	137.00	128.77	130.45	14071900
20110805	145.90	147.20	134.73	140.99	14895700
20110804	148.55	149.59	143.41	143.92	9657400
20110803	153.41	155.00	145.26	152.43	11448600
20110802	158.29	160.80	152.58	152.92	7735100
20110801	161.70	161.90	155.21	158.93	8099500
20110729	154.93	158.46	152.34	157.07	9798600
20110728	160.96	162.73	156.55	158.34	8243800
20110727	163.50	165.89	159.50	161.24	9787100
20110726	163.56	165.96	162.10	164.36	17765900
20110725	153.32	157.90	152.76	156.54	12332600
20110722	151.28	155.00	151.00	154.00	5649800
20110721	155.00	155.50	149.63	150.17	10213400
20110720	154.00	155.90	151.76	154.99	8490600
20110719	150.22	152.75	149.72	152.56	7471900
20110718	145.94	148.80	145.00	148.13	6587400
20110715	145.15	147.24	143.67	146.93	8347600
20110714	142.95	144.36	139.81	140.82	6756800
20110713	142.11	144.50	141.86	142.29	6512600
20110712	141.72	142.30	137.70	138.94	8728600
20110711	144.95	146.99	141.02	142.40	7872500
20110708	142.82	147.80	140.62	147.78	7758900
20110707	147.22	148.44	145.07	147.01	6920400
20110706	144.49	146.68	143.00	145.84	6982200
20110705	145.81	146.30	142.92	145.87	9708800
20110701	139.44	143.35	138.90	143.35	7246600
20110630	138.26	140.25	137.25	140.13	9461400
20110629	137.74	137.96	135.37	137.58	7944700
20110628	134.00	137.00	133.50	136.17	7972500
20110627	129.19	134.24	129.19	133.17	7429200
20110624	130.46	131.44	127.75	128.68	9912800
20110623	121.84	129.35	121.51	129.22	10402800
20110622	127.01	127.48	124.50	124.87	8932400
20110621	121.23	127.75	120.81	127.71	11291700
20110620	117.11	120.97	116.60	118.28	8112500
20110617	119.49	119.79	116.58	117.68	11399300
20110616	120.10	121.33	114.14	116.24	13114900
20110615	123.51	123.81	118.32	118.84	11555400
20110614	120.81	125.35	120.61	124.82	10262600
20110613	121.29	123.75	117.53	118.03	10564000
20110610	122.62	124.72	121.08	121.69	8987100
20110609	121.49	124.38	118.90	123.21	13714500
20110608	124.53	126.33	119.88	120.67	13080800
20110607	127.88	128.39	121.12	124.82	16890600
20110606	134.37	134.74	125.90	126.97	9966600
20110603	136.36	139.09	132.50	133.21	8889100
20110602	132.81	138.67	132.76	138.49	8349300
20110601	135.00	137.15	132.15	132.47	6866400
20110531	136.84	137.20	134.25	135.71	5505100
20110527	130.27	134.75	130.02	133.93	6465200
20110526	130.28	130.63	127.78	129.95	6194900
20110525	129.54	132.42	129.15	129.54	5627700
20110524	131.51	131.56	129.00	129.26	5600000
20110523	130.50	131.13	128.71	129.47	8093500
20110520	135.57	136.33	133.85	134.69	5853700
20110519	132.55	136.25	132.14	135.88	7790500
20110518	132.88	133.71	131.33	131.84	6454300
20110517	127.87	131.95	124.66	131.81	13981400
20110516	129.07	135.50	127.36	127.77	12899700
20110513	137.15	137.39	131.02	131.28	13656200
20110512	137.71	139.27	135.65	138.20	6914700
20110511	142.00	142.56	137.60	138.90	6229900
20110510	143.42	143.69	140.57	142.24	5433400
20110509	142.26	143.33	139.61	142.62	4636300
20110506	142.50	143.51	140.55	141.26	6627500
20110505	137.20	142.48	136.51	140.19	7572700
20110504	138.76	141.85	134.28	139.01	13975500
20110503	147.83	148.40	136.50	139.84	15585800
20110502	149.93	150.50	147.11	147.47	5967000
20110429	147.80	150.89	147.20	148.52	8935800
20110428	151.47	156.04	146.35	148.25	17200000
20110427	153.60	153.67	146.18	151.11	12070400
20110426	152.95	154.89	149.67	152.37	8700000
20110425	149.16	152.58	148.69	151.96	6283200
20110421	148.36	150.55	147.21	148.65	5917600
20110420	152.70	154.00	148.45	149.31	7663800
20110419	146.25	150.00	145.66	149.90	9663100
20110418	145.19	145.95	141.16	145.89	8010800
20110415	146.81	147.30	144.52	146.81	5677000
20110414	145.62	147.25	144.68	147.01	7452400
20110413	143.34	146.23	142.21	145.69	9388900
20110412	145.28	145.28	140.08	140.71	9144400
20110411	147.41	148.92	143.50	145.68	16613600
20110408	140.10	142.50	139.65	141.88	7833200
20110407	137.38	139.21	136.20	139.10	6105100
20110406	142.17	142.95	136.02	137.25	8908100
20110405	143.20	143.48	140.30	141.65	5822400
20110404	140.00	143.11	138.90	143.11	8118800
20110401	138.45	139.44	137.30	138.83	7246200
20110331	136.23	137.89	135.50	137.81	4945700
20110330	138.25	138.53	135.50	136.38	7553100
20110329	133.12	136.24	132.80	136.00	5230700
20110328	136.13	136.30	133.40	133.67	6488900
20110325	134.33	136.49	134.00	134.92	9326800
20110324	134.49	135.00	130.81	133.48	9865300
20110323	126.91	133.97	126.01	132.58	13585700
20110322	124.44	127.33	123.68	127.09	6785600
20110321	122.05	124.88	121.85	124.00	5750200
20110318	122.37	123.30	120.50	120.50	6061600
20110317	122.51	123.95	120.88	121.64	6143400
20110316	123.02	125.09	119.41	120.56	8473800
20110315	119.00	123.27	118.00	122.23	6405900
20110314	124.10	125.40	121.85	124.06	6217600
20110311	119.56	125.30	119.25	124.96	6855500
20110310	117.99	121.50	117.10	120.87	6269200
20110309	120.12	120.61	118.30	119.75	4001600
20110308	119.98	121.60	118.25	120.18	3472700
20110307	123.10	123.23	117.81	120.18	5157000
20110304	122.50	123.58	121.70	122.34	4478200
20110303	121.80	122.14	120.22	121.85	4039400
20110302	117.21	120.23	117.21	119.49	3717900
20110301	119.72	120.55	117.00	117.83	5781000
20110228	122.74	123.12	119.75	121.16	4371700
20110225	120.50	121.72	119.62	120.59	4825300
20110224	116.71	119.86	115.50	118.81	6785200
20110223	120.20	121.48	112.95	115.90	11786400
20110222	123.53	123.74	118.95	120.28	9447300
20110218	128.83	128.99	125.71	126.80	5130800
20110217	129.15	129.26	127.78	128.54	3601100
20110216	128.67	129.75	127.36	128.71	4243200
20110215	128.54	129.28	126.81	128.04	4701800
20110214	130.95	131.63	128.28	128.81	7890300
20110211	126.71	129.65	125.30	129.58	8111000
20110210	122.73	125.90	121.63	125.79	7489100
20110209	121.55	124.55	121.23	123.01	8514900
20110208	119.00	120.16	118.25	119.84	4288400
20110207	118.08	120.50	117.30	118.96	7632300
20110204	118.58	118.90	116.88	117.68	4827600
20110203	118.25	118.85	116.67	118.50	6383500
20110202	118.11	119.21	117.83	118.02	8682600
20110201	116.39	119.21	115.10	118.73	22003600
20110131	107.51	109.19	106.11	108.63	10398300
20110128	109.49	109.75	104.83	106.54	7937400
20110127	108.08	109.92	107.20	109.05	6441000
20110126	105.98	108.57	105.76	107.95	5540400
20110125	104.51	107.55	104.40	105.89	6044200
20110124	105.42	106.45	101.43	106.36	9730200
20110121	106.87	107.81	104.90	105.10	7161800
20110120	106.08	106.76	104.37	105.66	8062700
20110119	108.00	108.96	106.66	107.31	6534300
20110118	107.33	109.25	106.76	108.15	5913500
20110114	106.37	107.80	105.84	107.73	4862500
20110113	105.25	107.95	105.23	106.25	7241100
20110112	106.80	106.80	105.18	105.93	4236200
20110111	106.50	107.38	105.37	106.28	5371900
20110110	105.77	106.64	104.91	105.98	6001300
20110107	105.02	107.11	104.38	106.95	9014200
20110106	105.04	106.16	103.52	105.16	8623200
20110105	100.50	104.66	100.11	104.63	8647100
20110104	100.00	101.41	99.51	100.97	7197600
20110103	97.95	100.46	97.58	99.73	7421700
20101231	98.00	98.24	96.53	96.53	4206400
20101230	99.03	99.15	98.12	98.21	3028800
20101229	99.28	99.64	98.70	99.11	3016500
20101228	99.25	100.13	98.36	98.71	5059700
20101227	98.69	100.20	97.87	100.13	5513100
20101223	99.86	100.46	99.25	100.16	3535300
20101222	101.09	101.93	99.69	100.50	5165000
20101221	99.13	101.50	99.01	101.25	8032300
20101220	99.10	99.20	94.33	98.79	13374500
20101217	100.04	100.47	97.94	98.74	10656800
20101216	99.89	99.89	97.35	98.31	15228900
20101215	106.03	107.44	99.82	100.20	21103200
20101214	108.51	108.74	106.00	106.62	7123200
20101213	108.19	110.38	108.03	108.31	7767600
20101210	107.75	108.57	107.18	107.86	5679500
20101209	108.40	109.00	107.11	108.07	5731600
20101208	110.15	110.15	107.66	108.07	5769800
20101207	111.98	112.08	109.63	109.68	7131700
20101206	110.01	111.72	109.01	110.23	10705500
20101203	105.50	109.87	105.34	109.23	9362600
20101202	107.01	108.30	105.77	106.37	7907800
20101201	107.84	107.92	105.94	106.81	6835400
20101130	106.86	107.20	104.38	105.05	9373400
20101129	109.51	110.64	106.86	107.38	8795800
20101126	107.86	109.66	107.55	109.37	4500700
20101124	107.96	109.50	107.76	109.00	7178100
20101123	106.69	107.67	105.33	106.31	7744500
20101122	108.90	109.61	106.51	108.87	8068700
20101119	107.81	109.18	106.58	108.59	7503400
20101118	109.67	110.50	107.27	108.14	10180700
20101117	104.36	108.44	104.01	106.92	11242000
20101116	108.00	109.17	103.11	103.60	16550500
20101115	110.15	111.18	108.42	108.80	6233600
20101112	112.97	114.30	107.81	110.64	15511400
20101111	110.21	115.04	109.45	114.10	15478600
20101110	109.10	111.76	108.25	111.69	8880300
20101109	110.95	111.00	108.50	109.19	6974100
20101108	108.22	111.23	108.15	110.40	7340300
20101105	110.03	110.50	108.37	108.80	8387500
20101104	111.86	112.55	107.10	110.06	13959800
20101103	109.68	110.87	109.00	110.65	7566300
20101102	108.40	109.94	107.40	109.55	10307600
20101101	111.76	111.83	106.85	107.15	12219400
20101029	111.33	111.97	109.45	110.01	8427400
20101028	113.53	113.78	111.17	112.17	7022100
20101027	112.83	113.46	110.63	112.87	10176100
20101026	108.87	113.36	108.79	112.62	15244900
20101025	109.32	110.05	107.60	109.75	14689600
20101022	105.36	109.34	104.85	107.28	31742200
20101021	102.01	102.78	100.50	102.48	19832700
20101020	101.86	102.13	99.50	100.01	12266100
20101019	101.99	103.50	99.10	100.82	16226700
20101018	99.00	105.58	98.70	103.40	24254300
20101015	101.39	101.49	98.55	98.66	15108000
20101014	100.01	100.06	97.41	98.20	9249700
20101013	101.50	102.39	99.21	99.95	11515300
20101012	99.30	100.22	97.61	99.62	9738400
20101011	99.26	101.83	99.01	99.74	8841600
20101008	99.25	99.54	96.17	98.62	11292200
20101007	100.45	100.45	97.50	98.49	11330200
20101006	102.95	103.04	97.64	98.40	17634300
20101005	98.04	102.95	97.61	102.70	13751500
20101004	98.25	99.38	95.12	96.22	13431900
20101001	103.46	103.50	98.68	98.80	13827200
20100930	104.03	104.94	99.88	102.62	12909500
20100929	102.65	104.00	101.77	103.72	11551800
20100928	105.50	107.19	99.85	102.04	22835600
20100927	99.60	104.39	99.45	103.82	20994200
20100924	97.07	98.13	95.76	97.83	14033400
20100923	91.09	95.17	90.59	95.03	14886400
20100922	91.02	91.98	90.32	91.81	6206300
20100921	90.00	92.31	89.60	91.19	13472600
20100920	86.06	90.00	85.86	89.87	13065300
20100917	86.70	86.70	85.46	85.73	6452100
20100916	86.11	86.30	85.25	86.09	4614500
20100915	85.91	86.86	85.51	86.30	4932000
20100914	85.86	87.42	85.80	86.33	6565800
20100913	85.13	86.50	85.13	86.26	8757700
20100910	84.17	84.33	83.25	84.33	3991100
20100909	85.23	85.55	83.29	83.83	6157600
20100908	82.97	84.43	82.89	84.19	6490800
20100907	84.10	84.59	82.16	82.27	6771200
20100903	84.01	84.58	83.25	84.30	7335800
20100902	82.00	83.40	81.62	82.61	5593100
20100901	80.44	82.55	79.90	81.84	8954500
20100831	76.70	78.94	76.04	78.43	7701700
20100830	79.79	80.60	77.19	77.24	6741300
20100827	76.87	79.68	76.08	79.37	7554500
20100826	79.40	79.43	76.59	76.60	6350800
20100825	76.41	78.55	76.00	78.30	7715300
20100824	77.74	78.88	76.82	77.34	9577400
20100823	81.22	81.39	79.24	79.37	10254100
20100820	80.61	82.69	80.40	82.17	7904900
20100819	82.55	83.30	81.01	81.19	8077800
20100818	84.66	84.80	82.80	82.92	7654500
20100817	85.77	86.05	84.30	84.43	7173200
20100816	82.31	85.27	82.11	84.35	7411800
20100813	82.76	83.50	82.04	82.83	6509900
20100812	81.85	84.11	80.10	82.65	12296600
20100811	85.75	86.35	83.44	84.23	11797200
20100810	86.51	88.32	85.62	87.87	9241200
20100809	87.45	88.00	86.70	87.56	8792800
20100806	84.64	86.60	84.33	86.53	8692300
20100805	86.26	86.46	84.85	85.57	8026600
20100804	85.41	86.91	85.07	86.60	11704500
20100803	84.62	85.35	82.80	84.79	10146900
20100802	83.03	84.98	82.90	84.60	13600000
20100730	79.40	81.55	78.30	81.41	12327800
20100729	80.09	80.46	77.64	79.20	9387900
20100728	80.78	81.18	78.88	79.40	7746700
20100727	80.73	81.99	80.11	81.07	10737400
20100726	78.87	80.87	78.30	80.37	13939300
20100723	75.40	78.22	74.50	78.06	13308300
20100722	76.38	76.46	72.30	74.45	19747500
20100721	74.98	76.58	73.00	73.31	18664100
20100720	71.26	74.23	70.75	74.04	9721000
20100719	71.67	73.39	70.38	72.90	15400600
20100716	75.23	75.70	73.29	73.53	10384900
20100715	75.01	75.86	74.11	75.64	8528600
20100714	75.14	75.48	73.99	75.03	9501900
20100713	72.16	74.80	71.39	74.38	13455900
20100712	70.68	71.78	70.35	70.73	8280100
20100709	70.20	71.84	70.08	71.20	14945000
20100708	73.30	73.75	71.10	72.43	11403400
20100707	67.52	72.44	67.25	72.37	12808300
20100706	69.20	70.06	66.85	67.45	9658200
20100702	69.38	69.41	67.16	67.55	6293500
20100701	69.35	69.88	65.90	68.55	11540100
20100630	67.98	70.35	67.68	68.08	15191200
20100629	71.86	72.88	66.44	67.57	24171900
20100628	76.01	76.47	74.25	74.44	7552300
20100625	74.26	76.28	73.39	76.10	8867700
20100624	75.90	75.91	73.52	73.80	10590200
20100623	75.93	76.62	74.25	76.19	9863600
20100622	77.42	77.52	75.07	75.68	12274500
20100621	77.09	78.59	75.65	76.36	20528300
20100618	72.37	74.88	71.60	74.09	12006300
20100617	75.33	75.35	71.92	72.47	11769400
20100616	74.94	76.73	74.42	74.81	9775100
20100615	73.50	75.40	73.20	75.37	8277700
20100614	74.23	74.95	72.80	72.93	8254300
20100611	71.44	73.35	71.22	72.85	8567800
20100610	69.14	72.72	68.42	72.63	15011000
20100609	72.30	72.34	66.85	67.40	14883600
20100608	71.03	71.72	68.71	70.49	10859800
20100607	74.04	74.23	69.23	69.81	10300400
20100604	75.60	76.24	73.15	73.20	9111200
20100603	77.32	77.97	74.92	76.66	14220800
20100602	74.66	76.00	73.37	75.98	9430700
20100601	72.85	75.60	72.13	73.56	11877200
20100528	74.20	74.20	72.12	73.21	10411000
20100527	70.49	73.51	69.56	73.50	14046900
20100526	71.76	72.10	67.57	67.59	12458900
20100525	67.18	69.46	66.43	69.08	15889000
20100524	72.45	73.35	70.94	71.00	10656700
20100521	66.18	71.63	66.03	70.85	20711800
20100520	67.64	69.62	66.82	67.58	15770500
20100519	70.20	71.98	68.36	70.13	13591500
20100518	74.72	75.25	71.42	71.57	12508000
20100517	74.14	75.10	71.64	73.18	15382100
20100514	73.92	74.81	72.28	73.98	19574000
20100513	80.92	82.29	75.00	75.64	58873900
20100512	74.26	78.36	72.82	78.21	41843500
20100511	684.98	716.67	681.22	714.17	20933000
20100510	667.45	694.79	667.44	694.78	17210000
20100507	666.89	671.23	630.00	639.49	17058000
20100506	685.19	694.60	625.00	668.02	17337000
20100505	685.49	698.88	671.54	689.53	14361000
20100504	702.12	703.00	686.55	693.00	12904000
20100503	696.97	712.00	695.01	708.99	10427000
20100430	708.50	716.45	687.68	688.96	14952000
20100429	707.96	718.00	701.00	709.87	36906000
20100428	626.19	627.89	620.00	621.38	16107000
20100427	631.96	632.00	615.50	620.11	12931000
20100426	648.25	651.50	637.14	640.85	9019000
20100423	642.45	647.77	640.71	645.76	8498000
20100422	625.00	641.93	623.25	640.04	8248000
20100421	636.26	636.79	625.00	629.97	8803000
20100420	620.82	635.84	619.85	635.84	14522000
20100419	627.28	630.74	602.20	613.50	19733000
20100416	643.45	645.00	630.05	632.37	16046000
20100415	639.44	650.00	638.23	648.96	17097000
20100414	631.28	639.60	630.00	637.66	13636000
20100413	627.43	630.40	623.54	626.66	8849000
20100412	625.57	629.50	622.00	626.16	6534000
20100409	622.32	627.43	620.16	625.47	10592000
20100408	615.68	622.75	611.47	619.85	10568000
20100407	618.56	627.55	615.96	617.74	14933000
20100406	598.32	619.41	596.75	619.41	16733000
20100405	602.30	604.50	597.00	601.30	6731000
20100401	603.66	603.66	597.50	600.00	10333000
20100331	595.45	598.50	593.00	597.00	6595000
20100330	602.54	607.15	596.20	598.20	9723000
20100329	597.37	607.41	595.03	603.50	9267000
20100326	588.49	598.46	585.25	596.37	13638000
20100325	612.13	613.50	590.67	591.98	25624000
20100324	595.86	613.44	595.00	608.50	32518000
20100323	591.01	603.19	587.50	594.88	36701000
20100322	570.43	585.79	564.00	579.72	32499000
20100319	573.00	583.80	568.50	569.65	18947000
20100318	565.07	570.00	560.76	564.66	9865000
20100317	575.28	577.99	564.00	566.95	14765000
20100316	582.08	588.00	571.53	573.16	24322000
20100315	570.48	628.50	563.20	576.84	52023000
20100312	558.50	559.47	549.76	550.24	14479000
20100311	548.49	556.37	545.38	554.10	16120000
20100310	542.08	551.50	541.55	549.17	16692000
20100309	533.40	544.33	533.35	539.10	15209000
20100308	523.77	536.63	522.17	534.33	14640000
20100305	519.90	524.98	515.78	520.75	12167000
20100304	518.00	525.00	514.88	523.78	8266000
20100303	514.65	518.07	512.51	517.02	7366000
20100302	524.47	524.79	515.38	518.88	9973000
20100301	520.09	523.25	515.67	522.91	10265000
20100226	509.74	518.69	508.27	518.68	10963000
20100225	502.21	508.87	495.35	508.87	9821000
20100224	501.95	506.50	498.59	505.47	8698000
20100223	503.48	507.10	498.00	501.70	11454000
20100222	501.53	509.66	501.16	507.15	16393000
20100219	496.86	500.35	493.60	500.15	11400000
20100218	487.49	498.88	486.11	497.60	11542000
20100217	488.96	489.01	484.96	487.52	6157000
20100216	492.50	493.96	486.85	489.47	12051000
20100212	483.00	489.27	482.52	488.00	12157000
20100211	481.80	489.27	481.56	487.46	21930000
20100210	471.88	482.94	465.01	482.13	56471000
20100209	447.31	449.05	432.39	435.01	28057000
20100208	445.92	452.90	441.71	443.23	11812000
20100205	443.01	449.24	439.15	448.80	17787000
20100204	444.07	448.46	437.90	440.86	15422000
20100203	437.48	450.99	435.00	449.78	30605000
20100202	428.45	428.50	423.10	426.18	9851000
20100201	417.78	429.79	416.81	425.68	16950000
20100129	420.12	423.99	406.73	411.71	12734000
20100128	427.40	429.00	417.02	417.85	10451000
20100127	422.71	425.69	416.10	424.36	14334000
20100126	414.60	423.60	409.21	419.38	13982000
20100125	420.93	424.00	413.10	415.16	10405000
20100122	431.81	432.00	415.00	416.90	23878000
20100121	437.64	443.00	434.02	439.97	12017000
20100120	433.68	447.29	433.38	439.67	18411000
20100119	450.00	452.02	429.09	440.84	55308000
20100115	462.90	470.25	458.58	467.68	46440000
20100114	440.60	467.95	434.35	464.23	60247000
20100113	442.72	443.20	424.97	439.48	120699000
20100112	394.13	395.72	384.66	386.49	30952000
20100111	405.77	407.11	397.80	400.57	12211000
20100108	400.03	408.00	396.00	404.27	16701000
20100107	410.40	411.55	402.05	404.63	14326000
20100106	419.00	420.10	409.29	412.50	23432000
20100105	410.54	412.00	402.44	405.90	15720000
20100104	415.98	417.00	407.80	410.03	13461000
20091231	417.71	419.00	410.40	411.23	6715000
20091230	416.88	419.90	414.25	416.23	7273000
20091229	426.49	426.75	418.10	419.63	7871000
20091228	418.50	426.44	417.67	424.29	11083000
20091224	415.90	421.81	414.15	415.99	7955000
20091223	400.14	414.97	400.02	414.20	13626000
20091222	408.51	410.50	394.56	398.81	16771000
20091221	415.21	417.88	405.69	407.38	11352000
20091218	417.20	419.57	411.29	414.40	13502000
20091217	422.16	425.10	414.97	415.84	13356000
20091216	426.30	429.18	423.52	426.26	7677000
20091215	422.46	429.80	421.70	424.00	10578000
20091214	420.25	424.96	416.37	424.51	7745000
20091211	424.58	424.97	417.00	418.10	6951000
20091210	427.23	428.85	422.00	422.32	9153000
20091209	418.99	426.67	415.10	426.46	12395000
20091208	417.21	424.15	416.11	418.84	10836000
20091207	423.99	425.67	418.08	421.00	12661000
20091204	432.71	435.45	422.05	425.32	15838000
20091203	434.56	438.48	426.68	427.89	11824000
20091202	436.34	441.00	433.34	434.72	13242000
20091201	438.63	439.50	432.62	435.55	14342000
20091130	435.12	437.74	428.64	433.74	18885000
20091127	426.44	441.50	425.55	439.72	13380000
20091125	438.33	443.25	437.07	442.18	12248000
20091124	435.50	437.30	429.00	435.54	12135000
20091123	433.88	439.88	433.16	439.00	14281000
20091120	424.16	427.79	421.77	427.59	11138000
20091119	431.25	431.94	423.18	428.01	14170000
20091118	440.48	440.99	431.18	435.12	17062000
20091117	436.05	442.86	435.65	441.50	12969000
20091116	437.30	442.63	434.05	438.32	16824000
20091113	428.99	432.50	424.31	432.50	12237000
20091112	428.00	433.90	424.30	427.15	16087000
20091111	431.88	438.38	423.11	430.51	21533000
20091110	425.50	428.88	421.75	428.12	14840000
20091109	416.00	425.88	414.38	425.87	26083000
20091106	390.56	410.54	390.01	409.74	26370000
20091105	389.52	397.38	388.73	396.23	18675000
20091104	385.99	392.00	385.00	386.37	15832000
20091103	370.41	384.52	369.12	383.04	14407000
20091102	379.50	380.50	370.00	375.45	21916000
20091030	391.77	398.91	376.80	377.92	26622000
20091029	395.72	400.88	389.11	393.40	25070000
20091028	383.67	399.37	383.36	396.83	47793000
20091027	355.71	388.20	353.03	383.66	107476000
20091026	438.90	439.90	424.55	432.97	35820000
20091023	422.33	437.50	418.50	435.31	32581000
20091022	404.01	416.16	403.42	415.60	12689000
20091021	404.57	416.50	404.57	405.92	13733000
20091020	414.24	418.86	404.23	408.72	19053000
20091019	396.67	412.98	392.30	411.02	20990000
20091016	401.78	403.81	395.45	395.79	16325000
20091015	409.04	412.17	398.88	399.90	22707000
20091014	413.72	416.98	405.90	410.18	18231000
20091013	413.00	414.70	404.37	407.50	27336000
20091012	423.42	426.35	410.69	413.49	27698000
20091009	418.89	428.70	415.49	427.07	26958000
20091008	417.34	419.89	410.28	412.67	22866000
20091007	399.02	414.65	399.02	413.80	27641000
20091006	386.21	401.19	386.15	401.00	32223000
20091005	378.95	383.00	376.97	381.89	10797000
20091002	369.47	383.00	366.00	375.21	14286000
20091001	390.73	392.94	371.49	372.02	26248000
20090930	395.01	396.69	383.85	391.05	18103000
20090929	394.50	397.44	390.10	394.42	11499000
20090928	390.28	398.00	388.00	396.05	11319000
20090925	386.26	392.08	382.18	387.56	15607000
20090924	396.76	398.00	376.30	390.23	28717000
20090923	399.14	403.60	394.00	394.95	14190000
20090922	405.74	406.88	395.00	396.29	16107000
20090921	396.00	401.00	389.89	400.25	13974000
20090918	400.60	401.60	396.25	399.98	13849000
20090917	402.32	408.00	396.18	399.19	22191000
20090916	401.40	404.29	398.15	402.91	26755000
20090915	383.50	398.00	381.50	397.53	36437000
20090914	373.98	379.67	370.75	379.50	17682000
20090911	378.03	378.66	367.00	369.95	16784000
20090910	365.06	372.53	363.28	372.45	20722000
20090909	357.82	364.38	356.00	363.60	20127000
20090908	350.50	359.20	350.00	357.15	24444000
20090904	329.48	344.90	326.55	343.27	20791000
20090903	331.21	331.21	325.00	329.48	9559000
20090902	317.04	327.84	316.50	324.86	18905000
20090901	327.91	338.70	316.49	318.76	24309000
20090831	331.70	332.65	326.35	330.06	13299000
20090828	344.75	346.60	336.66	339.53	10956000
20090827	344.18	344.90	335.27	340.10	9873000
20090826	346.55	348.12	340.04	343.72	10538000
20090825	348.49	350.00	345.19	347.82	11129000
20090824	348.00	353.00	344.00	345.00	13329000
20090821	343.10	347.71	339.45	345.00	15765000
20090820	335.42	339.67	334.45	339.25	13844000
20090819	320.09	331.98	318.51	330.78	19468000
20090818	323.97	329.63	321.20	327.40	15576000
20090817	325.10	327.48	319.70	321.56	21478000
20090814	345.27	346.14	337.06	339.58	14314000
20090813	352.81	354.20	344.05	347.22	11474000
20090812	345.88	350.74	345.00	348.63	10810000
20090811	349.57	351.90	343.21	345.83	10619000
20090810	348.90	354.55	346.51	351.88	12677000
20090807	346.98	350.00	343.01	347.04	14179000
20090806	350.00	350.56	341.12	341.28	13372000
20090805	353.97	353.99	342.39	347.00	11657000
20090804	353.00	357.79	348.08	351.44	12453000
20090803	354.62	360.01	352.70	354.45	13811000
20090731	351.80	355.40	346.27	348.14	11583000
20090730	352.29	357.50	349.99	351.80	17665000
20090729	346.01	349.49	341.64	344.51	12149000
20090728	354.30	357.90	349.02	351.11	18122000
20090727	360.12	368.49	352.83	356.82	28557000
20090724	339.90	363.30	338.08	358.10	48845000
20090723	326.00	335.60	325.72	332.64	22107000
20090722	330.00	330.77	321.81	324.56	21020000
20090721	337.88	338.72	326.42	332.08	24317000
20090720	318.50	338.20	317.00	336.24	30884000
20090717	320.87	323.69	316.21	321.60	17083000
20090716	316.77	325.60	316.00	322.50	31330000
20090715	303.00	318.79	302.50	315.81	31520000
20090714	292.71	299.84	291.11	299.05	18172000
20090713	286.15	290.90	279.95	290.63	16307000
20090710	280.21	286.57	280.02	284.24	15672000
20090709	279.29	286.00	270.63	281.75	21942000
20090708	278.11	281.03	268.03	274.88	23645000
20090707	284.93	286.96	275.68	276.15	13447000
20090706	288.05	289.00	278.32	285.81	17880000
20090702	291.48	293.26	287.80	289.50	14570000
20090701	302.79	303.00	294.13	295.07	13952000
20090630	298.62	302.64	294.26	301.09	14258000
20090629	304.44	305.80	295.64	298.18	18310000
20090626	293.54	301.84	291.50	301.18	16438000
20090625	278.91	293.15	278.23	293.15	18873000
20090624	277.60	285.86	277.06	283.35	18303000
20090623	277.49	279.74	265.54	272.84	24947000
20090622	294.01	294.95	274.03	278.02	24237000
20090619	293.34	299.83	292.23	297.60	16932000
20090618	297.49	297.49	291.27	294.04	14792000
20090617	291.98	299.11	288.43	295.92	20790000
20090616	294.40	296.75	287.40	289.00	15340000
20090615	283.51	293.77	281.82	292.31	23894000
20090612	297.09	297.55	285.88	289.00	22416000
20090611	298.14	302.00	292.74	300.69	19722000
20090610	308.85	309.74	295.25	298.30	29480000
20090609	305.29	310.25	302.00	309.16	21782000
20090608	300.01	304.50	292.52	303.90	22502000
20090605	297.71	307.65	295.28	304.07	28048000
20090604	289.49	294.84	285.72	293.40	20266000
20090603	276.71	288.00	275.00	286.86	21590000
20090602	284.00	285.49	277.20	278.00	20330000
20090601	268.19	288.20	266.80	285.99	28008000
20090529	260.00	264.21	259.51	263.80	13333000
20090528	254.71	259.85	253.01	258.20	14414000
20090527	247.39	254.98	245.64	251.12	13923000
20090526	236.50	248.65	236.50	247.36	12670000
20090522	242.50	244.25	236.50	239.90	7845000
20090521	243.18	244.00	237.00	240.47	12331000
20090520	248.69	254.79	244.21	247.04	14862000
20090519	245.08	249.09	241.62	246.97	13238000
20090518	238.99	244.37	234.29	243.59	13848000
20090515	233.61	238.76	232.25	235.01	9156000
20090514	230.53	236.62	229.55	234.60	13863000
20090513	237.71	240.72	229.76	231.00	15862000
20090512	241.75	243.36	236.00	241.18	14762000
20090511	241.11	244.80	237.00	239.55	16344000
20090508	249.99	251.99	237.63	246.00	22877000
20090507	257.68	257.96	243.00	247.00	24549000
20090506	251.61	257.01	247.80	255.67	23633000
20090505	248.00	249.80	242.66	249.80	15670000
20090504	238.40	248.27	236.64	248.25	21949000
20090501	233.99	238.22	230.87	235.61	13282000
20090430	231.99	236.40	229.76	232.90	21425000
20090429	223.25	229.45	220.00	227.29	25029000
20090428	229.55	236.62	217.35	221.19	50773000
20090427	216.70	225.16	215.61	224.86	23890000
20090424	215.36	219.87	209.64	217.54	22762000
20090423	213.75	215.85	208.37	212.50	14922000
20090422	204.29	218.00	202.75	208.33	23372000
20090421	195.50	205.00	194.65	204.56	13612000
20090420	205.00	207.77	197.69	200.00	19141000
20090417	199.36	211.12	199.35	210.09	25177000
20090416	197.50	204.94	193.30	203.45	26565000
20090415	195.69	197.60	189.11	196.03	15306000
20090414	202.92	203.85	196.00	197.95	17148000
20090413	189.54	200.69	188.03	199.48	22254000
20090409	189.00	193.42	181.80	190.32	22388000
20090408	180.00	184.89	177.66	182.59	16895000
20090407	182.48	183.95	177.10	177.42	16967000
20090406	185.00	187.45	181.05	186.41	11338000
20090403	185.04	190.00	180.00	187.50	15379000
20090402	183.40	190.00	182.21	184.92	25324000
20090401	174.31	178.31	171.02	174.77	13643000
20090331	176.78	180.44	172.51	176.60	16008000
20090330	177.00	177.79	169.52	172.99	20567000
20090327	182.55	186.20	180.00	183.15	10764000
20090326	188.50	192.26	185.10	186.35	21668000
20090325	193.11	194.94	178.58	183.80	34223000
20090324	186.35	197.69	184.46	188.30	36936000
20090323	180.76	187.94	178.00	182.60	21587000
20090320	176.40	177.00	172.43	175.20	12154000
20090319	175.50	178.00	171.83	175.19	11751000
20090318	172.71	175.89	169.70	175.00	22688000
20090317	159.94	175.80	158.00	175.40	26738000
20090316	170.90	171.75	160.82	161.34	25785000
20090313	170.81	176.25	167.00	172.66	17454000
20090312	169.17	170.95	163.58	169.40	17600000
20090311	166.75	172.10	160.50	168.18	27056000
20090310	161.27	167.92	159.50	166.59	23580000
20090309	153.72	163.35	152.78	155.08	15464000
20090306	161.11	163.60	151.10	157.02	21368000
20090305	160.64	164.92	158.00	161.51	31453000
20090304	152.01	163.50	151.70	157.32	38330000
20090303	141.74	147.00	138.57	144.59	21159000
20090302	145.16	147.11	136.26	137.22	22995000
20090227	140.90	152.45	140.89	148.32	22545000
20090226	147.09	153.00	145.05	145.94	25577000
20090225	142.87	148.00	140.22	143.76	29834000
20090224	131.51	145.25	129.77	142.76	29753000
20090223	139.51	140.29	131.12	131.76	16501000
20090220	130.50	138.98	128.16	136.27	33300000
20090219	134.62	139.00	131.83	132.57	44532000
20090218	124.00	130.10	123.35	128.09	28068000
20090217	122.50	124.97	119.65	122.35	23095000
20090213	131.00	131.94	127.50	128.20	13507000
20090212	131.00	132.73	127.00	132.00	18481000
20090211	132.60	137.32	131.56	133.86	17027000
20090210	138.91	141.46	130.23	130.84	26135000
20090209	129.11	141.88	129.01	140.57	43474000
20090206	125.01	126.60	120.00	124.61	31831000
20090205	127.83	127.83	122.74	125.29	24681000
20090204	126.07	134.25	126.04	129.00	24392000
20090203	127.03	127.50	122.25	125.17	18092000
20090202	127.99	129.40	123.23	125.52	20344000
20090130	131.99	132.51	128.00	128.77	19772000
20090129	126.00	131.76	125.00	128.64	33230000
20090128	120.00	129.98	118.09	127.16	45939000
20090127	118.24	119.00	113.16	115.30	18420000
20090126	112.99	119.30	112.94	115.57	26981000
20090123	109.77	114.29	107.00	111.95	31530000
20090122	109.96	114.50	109.21	112.53	27235000
20090121	111.61	114.50	108.07	110.92	28058000
20090120	115.39	115.48	109.22	109.65	25577000
20090116	112.01	116.66	110.19	115.90	29517000
20090115	110.99	112.75	105.00	109.44	30252000
20090114	113.36	116.60	107.14	109.75	28570000
20090113	116.80	119.73	113.92	115.50	25992000
20090112	118.58	121.99	113.50	114.10	16487000
20090109	126.02	126.93	118.72	120.64	14842000
20090108	124.79	126.00	120.30	124.65	22412000
20090107	132.16	132.16	125.02	127.34	20092000
20090106	138.52	139.40	133.37	135.73	27639000
20090105	131.75	139.98	130.15	137.84	24130000
20090102	132.00	136.00	130.04	135.41	16551000
20081231	126.51	131.94	126.51	130.57	15642000
20081230	122.96	126.95	122.00	126.93	14092000
20081229	125.00	126.96	120.10	121.85	12323000
20081226	125.50	125.50	122.50	123.89	3540000
20081224	125.00	126.50	123.12	123.72	8353000
20081223	124.50	126.00	121.50	125.00	19986000
20081222	131.47	132.36	121.40	123.07	23137000
20081219	131.09	134.01	129.51	131.07	20600000
20081218	137.95	140.44	129.52	130.69	30901000
20081217	131.50	142.45	127.05	135.50	48979000
20081216	130.76	133.49	126.58	132.00	61179000
20081215	112.26	119.89	111.50	118.09	38561000
20081212	108.50	116.50	107.00	114.00	42264000
20081211	112.38	121.00	107.80	111.30	122989000
20081210	111.05	112.48	100.50	104.54	59362000
20081209	114.39	124.95	107.05	109.36	70336000
20081208	115.98	124.35	113.27	117.95	72307000
20081205	111.52	113.47	102.80	109.10	53191000
20081204	113.34	119.86	111.82	114.53	34136000
20081203	113.70	121.69	107.10	113.67	41510000
20081202	119.10	121.41	114.00	118.57	41146000
20081201	123.86	125.00	113.80	116.31	42411000
20081128	140.51	141.95	126.65	135.88	22825000
20081126	121.25	144.91	120.97	142.75	47523000
20081125	119.00	128.30	117.01	124.03	40238000
20081124	114.69	118.50	109.17	115.13	34505000
20081121	115.60	118.00	106.21	112.69	43969000
20081120	106.35	120.94	105.55	110.35	61811000
20081119	125.64	133.22	111.00	111.74	83509000
20081118	138.99	140.59	121.50	128.76	88560000
20081117	163.01	165.00	130.51	134.09	125564000
20081114	184.00	193.73	177.50	178.89	32523000
20081113	185.20	190.00	162.00	189.87	62848000
20081112	185.50	195.02	180.50	182.99	37444000
20081111	204.22	205.00	186.86	190.83	46497000
20081110	224.00	228.00	203.78	211.28	27426000
20081107	212.16	222.95	212.16	218.00	27288000
20081106	213.11	218.91	203.30	209.66	27634000
20081105	228.22	230.84	216.27	217.29	29212000
20081104	210.00	239.75	206.14	234.62	47791000
20081103	210.13	215.59	202.08	204.72	23612000
20081031	210.00	212.57	200.17	206.00	22822000
20081030	222.97	225.87	210.15	213.60	30670000
20081029	206.50	223.78	203.04	211.92	35658000
20081028	188.34	209.98	182.65	208.95	39908000
20081027	187.59	192.00	178.50	179.00	27467000
20081024	177.17	199.98	176.33	191.22	38530000
20081023	239.83	240.33	206.00	212.54	66899000
20081022	243.66	258.57	237.45	249.09	43204000
20081021	248.38	260.00	243.14	248.67	23129000
20081020	246.08	256.97	242.04	254.38	31565000
20081017	233.53	247.58	218.25	239.52	37011000
20081016	226.99	228.57	205.02	226.30	41054000
20081015	242.10	250.00	224.03	227.20	29377000
20081014	274.12	274.83	247.00	250.25	33049000
20081013	223.98	271.48	220.23	266.05	53054000
20081010	198.10	215.53	198.00	213.75	41646000
20081009	220.91	224.00	201.61	206.18	23726000
20081008	206.76	228.00	206.75	213.31	33434000
20081007	230.22	233.69	212.51	214.44	29978000
20081006	205.66	227.70	203.76	227.68	41995000
20081003	238.78	243.79	220.53	222.37	27861000
20081002	244.22	248.41	230.03	233.52	25877000
20081001	248.04	252.53	238.25	244.49	20180000
20080930	236.05	251.00	235.76	248.23	36346000
20080929	250.06	252.37	227.00	231.20	44344000
20080926	265.98	267.39	254.64	260.75	23576000
20080925	267.18	279.69	265.36	275.50	25296000
20080924	267.97	278.65	262.00	267.27	21035000
20080923	271.06	277.66	261.39	263.50	23366000
20080922	291.53	293.49	265.60	268.63	20238000
20080919	310.24	311.30	280.50	289.75	32317000
20080918	259.74	305.25	236.12	305.25	48524000
20080917	262.18	270.00	247.70	254.46	35756000
20080916	267.02	278.87	262.00	266.49	43276000
20080915	268.65	283.87	268.07	273.02	26289000
20080912	277.06	286.00	269.10	282.01	32499000
20080911	256.03	283.89	253.65	282.52	38218000
20080910	255.14	267.65	255.00	264.10	27067000
20080909	270.91	278.63	252.01	254.13	31790000
20080908	281.49	288.80	265.07	274.38	40600000
20080905	267.02	276.00	260.70	270.66	30286000
20080904	292.00	292.00	270.35	271.14	33818000
20080903	309.57	310.93	289.67	293.25	30290000
20080902	319.80	322.00	306.57	308.54	16793000
20080829	318.25	319.98	309.73	313.72	8277000
20080828	318.79	321.00	314.13	316.54	11320000
20080827	311.00	319.43	309.50	315.73	16480000
20080826	320.42	321.66	307.65	310.14	27119000
20080825	323.05	330.24	319.00	322.42	12370000
20080822	325.86	329.42	323.01	324.02	8766000
20080821	317.28	325.00	316.22	323.30	12429000
20080820	314.00	324.00	313.51	321.22	24565000
20080819	302.95	313.80	302.00	308.84	20681000
20080818	320.92	322.80	305.00	307.25	18377000
20080815	326.57	328.33	318.02	321.01	16118000
20080814	311.64	327.43	311.25	324.86	22742000
20080813	308.89	317.72	303.57	315.57	20377000
20080812	305.76	317.85	303.19	311.53	24882000
20080811	314.99	316.78	301.78	304.40	26288000
20080808	324.31	326.78	317.04	319.26	21669000
20080807	333.88	335.74	322.74	327.62	22423000
20080806	330.37	342.27	327.80	338.80	22027000
20080805	333.00	334.48	324.52	330.29	22092000
20080804	340.41	343.47	329.76	330.20	18399000
20080801	346.51	346.96	340.48	344.17	16781000
20080731	344.19	351.98	341.69	347.15	18484000
20080730	348.59	353.37	343.12	350.24	24250000
20080729	336.18	348.48	329.62	348.12	28511000
20080728	336.72	345.50	332.10	334.36	29654000
20080725	336.59	336.63	328.30	332.40	23378000
20080724	326.00	341.00	321.40	335.08	65834000
20080723	297.53	299.00	287.10	288.70	33715000
20080722	289.69	294.94	285.00	292.36	25873000
20080721	292.81	299.00	291.07	297.00	21347000
20080718	296.23	297.42	289.01	291.54	26536000
20080717	303.98	307.00	296.59	302.90	34647000
20080716	287.00	299.58	280.74	298.94	31418000
20080715	285.50	293.55	272.54	282.04	56131000
20080714	312.81	314.53	287.10	291.40	50286000
20080711	322.22	323.99	303.29	305.08	52419000
20080710	336.34	339.85	324.82	329.31	31492000
20080709	333.87	343.97	331.46	332.83	37771000
20080708	334.20	338.99	320.37	334.56	38253000
20080707	321.04	332.33	320.01	327.89	40102000
20080703	316.78	321.22	309.29	316.00	18739000
20080702	321.46	330.66	310.18	312.04	37938000
20080701	305.65	319.00	303.35	317.69	41901000
20080630	315.49	320.50	310.70	312.96	22107000
20080627	312.00	316.94	305.26	313.24	26976000
20080626	323.11	328.00	314.00	314.76	33148000
20080625	314.50	333.07	311.02	332.09	44641000
20080624	315.04	318.55	303.20	306.72	39348000
20080623	324.00	326.94	315.66	318.86	23128000
20080620	332.00	332.33	320.01	322.89	24192000
20080619	329.28	335.95	326.19	334.81	24551000
20080618	328.16	335.38	326.56	332.49	26967000
20080617	339.00	344.38	330.87	332.64	31906000
20080616	324.00	338.67	323.23	335.91	24162000
20080613	319.45	328.42	316.03	326.84	29193000
20080612	325.01	332.90	310.50	315.42	36743000
20080611	327.82	330.78	318.71	318.98	24230000
20080610	323.00	328.80	315.26	326.34	40943000
20080609	347.25	348.36	321.96	332.00	36349000
20080606	356.70	358.00	344.55	345.04	29871000
20080605	347.90	361.99	345.64	361.81	36651000
20080604	340.90	348.89	339.01	344.52	25623000
20080603	339.24	344.96	331.67	342.09	29589000
20080602	342.02	345.99	334.73	337.75	28206000
20080530	347.82	350.00	343.25	345.06	20059000
20080529	346.03	351.53	343.00	344.93	28571000
20080528	340.00	345.64	336.73	344.94	33821000
20080527	330.83	338.35	327.25	336.50	36271000
20080523	333.68	338.38	321.85	328.71	43061000
20080522	355.00	357.00	330.71	335.01	58147000
20080521	371.67	376.60	353.00	354.99	49648000
20080520	365.50	373.31	365.10	372.13	41065000
20080519	367.46	382.35	365.41	371.00	60220000
20080516	365.26	370.19	360.93	364.59	28640000
20080515	364.07	368.06	360.36	364.27	33965000
20080514	371.25	374.95	360.00	361.17	34943000
20080513	366.62	373.32	361.30	368.40	49321000
20080512	347.85	367.75	343.10	366.87	45808000
20080509	349.82	354.00	343.40	346.28	33041000
20080508	361.10	367.20	353.49	355.17	45128000
20080507	371.25	382.90	358.45	359.13	57106000
20080506	370.23	374.73	365.39	370.42	39505000
20080505	361.50	378.11	361.01	373.85	44583000
20080502	371.65	372.29	357.60	361.50	41150000
20080501	366.00	374.50	362.50	370.00	47289000
20080430	372.85	378.20	362.24	365.60	46649000
20080429	358.11	374.87	357.02	373.81	44405000
20080428	365.24	365.36	357.24	360.36	37941000
20080425	358.06	367.06	352.48	363.69	96281000
20080424	353.00	353.77	340.00	342.00	52377000
20080423	351.97	364.75	347.69	349.66	62800000
20080422	356.00	356.90	343.31	350.10	47779000
20080421	340.44	359.44	338.20	357.51	75218000
20080418	334.95	342.86	331.20	341.00	69167000
20080417	318.66	327.37	308.62	309.75	80868000
20080416	292.00	319.75	290.65	317.75	97626000
20080415	293.94	296.84	285.22	288.38	44104000
20080414	284.49	291.00	280.05	289.16	41267000
20080411	286.01	289.38	279.61	284.23	46516000
20080410	288.00	293.73	280.13	292.00	62805000
20080409	294.38	298.45	284.58	288.81	64835000
20080408	296.98	304.38	291.92	295.95	56386000
20080407	298.84	306.85	294.26	300.00	68938000
20080404	287.26	300.50	283.51	293.89	79986000
20080403	275.50	289.20	273.30	286.64	85788000
20080402	269.39	292.00	264.44	281.48	139822000
20080401	244.65	273.99	243.00	273.25	99169000
20080331	248.66	249.00	237.06	239.63	51886000
20080328	240.56	252.16	238.80	247.21	74105000
20080327	237.00	240.87	234.62	237.55	56434000
20080326	234.50	245.80	232.28	241.50	64602000
20080325	245.00	245.19	228.00	235.61	78232000
20080324	215.13	242.65	215.00	240.00	97907000
20080320	216.65	217.79	201.15	207.90	98843000
20080319	249.50	249.89	219.93	220.21	61751000
20080318	256.06	256.34	239.20	246.53	73004000
20080317	255.23	262.99	238.20	247.10	79441000
20080314	274.67	278.30	263.00	268.05	72005000
20080313	269.12	273.90	257.81	268.09	90385000
20080312	263.25	279.85	261.83	273.64	95731000
20080311	250.32	260.81	245.80	260.39	69758000
20080310	243.25	248.44	239.51	241.30	59188000
20080307	242.01	249.84	236.05	242.93	65379000
20080306	244.99	252.47	241.48	242.42	73750000
20080305	246.06	248.74	238.63	242.22	71939000
20080304	236.46	247.86	234.00	246.15	79713000
20080303	249.42	253.47	237.17	240.52	69297000
20080229	254.27	258.96	248.85	251.33	68713000
20080228	259.21	265.50	252.33	253.00	80261000
20080227	237.59	260.39	237.51	258.85	114095000
20080226	230.27	241.93	227.50	237.80	86080000
20080225	240.31	245.00	235.10	241.01	70442000
20080222	242.82	246.23	236.66	244.39	51104000
20080221	250.05	251.73	239.79	242.70	55013000
20080220	239.53	250.27	234.40	247.20	79832000
20080219	264.00	266.67	244.50	246.75	74084000
20080215	260.47	265.00	255.24	259.10	66091000
20080214	274.00	280.44	259.65	264.50	157680000
20080213	241.83	262.00	238.08	261.09	138277000
20080212	251.53	266.27	241.32	245.43	106085000
20080211	239.98	248.16	236.50	246.71	74303000
20080208	234.26	241.64	227.60	233.91	76876000
20080207	225.14	242.91	223.16	232.30	116316000
20080206	257.34	260.75	228.00	230.00	96873000
20080205	264.89	267.97	250.92	253.49	87512000
20080204	268.60	284.49	266.61	272.28	75709000
20080201	282.66	285.74	262.43	269.59	75508000
20080131	250.62	285.15	248.30	279.95	95316000
20080130	265.07	272.99	253.83	259.39	94168000
20080129	294.80	295.69	270.00	270.71	80886000
20080128	291.20	303.71	284.50	291.32	84216000
20080125	325.02	330.00	295.26	299.47	136782000
20080124	274.73	307.49	273.51	307.20	110890000
20080123	266.12	272.04	237.01	270.20	126837000
20080122	244.99	277.13	243.01	273.66	101772000
20080118	270.99	273.67	252.29	273.04	137359000
20080117	297.53	301.00	263.68	264.99	102532000
20080116	306.88	316.00	288.23	293.30	114608000
20080115	332.05	334.96	314.53	318.20	72228000
20080114	334.98	346.36	326.24	340.40	66014000
20080111	333.70	337.00	325.00	329.25	43520000
20080110	338.08	346.00	329.26	339.54	62715000
20080109	342.60	347.75	319.20	344.10	83399000
20080108	345.76	359.74	341.50	345.21	56220000
20080107	359.16	363.95	335.00	344.31	71881000
20080104	364.60	371.53	358.00	361.00	59227000
20080103	383.41	383.56	367.83	375.09	47186000
20080102	394.50	397.70	374.50	381.88	54820000
20071231	392.58	398.00	388.04	389.80	32396000
20071228	414.84	418.22	394.00	398.87	60968000
20071227	397.21	417.80	394.51	409.20	65601000
20071226	379.33	399.83	377.10	399.67	31364000
20071224	382.00	383.99	379.22	380.58	10860000
20071221	385.01	385.75	376.83	380.45	30347000
20071220	380.99	382.85	376.49	380.15	37268000
20071219	372.76	378.00	366.47	374.98	48010000
20071218	361.58	377.28	350.05	372.97	90126000
20071217	388.55	392.74	348.91	356.00	83996000
20071214	388.14	397.10	386.08	392.91	48807000
20071213	384.01	389.09	376.77	387.00	49209000
20071212	391.22	395.18	374.60	389.00	80439000
20071211	398.53	408.88	373.57	378.38	87607000
20071210	390.97	403.55	385.35	397.30	57908000
20071207	389.62	392.68	384.11	390.00	31305000
20071206	389.99	394.60	379.01	392.88	59698000
20071205	396.69	397.82	389.00	392.17	45934000
20071204	400.38	400.99	385.62	387.72	77431000
20071203	378.56	389.00	373.22	385.25	50712000
20071130	396.80	397.00	374.07	381.96	87836000
20071129	366.47	386.00	365.22	379.48	89768000
20071128	354.48	367.57	348.62	367.25	92336000
20071127	335.01	342.20	320.56	341.34	108213000
20071126	311.95	340.77	309.29	326.14	115575000
20071123	314.54	316.73	305.34	308.86	32249000
20071121	306.06	316.05	302.56	307.92	69236000
20071120	314.00	328.25	305.21	313.50	102329000
20071119	306.18	318.60	301.51	307.48	77238000
20071116	331.99	332.33	308.40	314.99	97757000
20071115	338.51	353.00	315.57	327.70	97587000
20071114	366.67	369.85	336.64	344.00	117674000
20071113	313.36	341.50	312.40	341.45	91679000
20071112	335.00	344.50	300.92	301.50	88811000
20071109	338.51	359.58	334.00	342.95	82866000
20071108	397.97	397.97	347.00	357.87	116364000
20071107	399.37	411.73	393.50	395.00	66231000
20071106	423.95	429.19	392.60	407.70	139304000
20071105	403.01	421.30	399.56	416.88	99785000
20071102	398.67	409.00	387.64	409.00	91644000
20071101	376.83	393.50	375.49	385.95	75972000
20071031	378.34	384.27	372.00	382.49	61547000
20071030	365.20	385.50	362.57	371.00	86400000
20071029	361.00	367.75	357.29	365.50	51738000
20071026	347.98	359.95	342.00	353.39	116343000
20071025	341.99	348.88	332.06	334.30	76302000
20071024	343.91	346.49	328.43	336.00	73629000
20071023	325.00	349.98	323.79	349.90	76343000
20071022	311.23	318.22	305.00	316.26	45197000
20071019	320.65	322.00	312.84	316.11	56010000
20071018	313.99	322.87	310.30	320.00	66348000
20071017	323.22	323.65	308.21	316.20	81258000
20071016	306.56	319.20	302.46	307.48	83203000
20071015	322.03	324.38	309.45	314.95	95868000
20071012	301.12	325.90	294.00	322.98	192645000
20071011	347.07	359.45	301.25	308.78	200549000
20071010	328.00	343.54	325.00	343.17	47158000
20071009	329.98	332.90	323.34	328.77	45762000
20071008	324.39	329.50	321.09	329.44	36321000
20071005	321.67	328.86	318.27	321.61	56952000
20071004	309.72	319.69	306.00	315.00	52234000
20071003	318.84	323.00	310.54	314.17	70116000
20071002	300.26	323.34	298.96	320.58	143061000
20071001	292.03	293.24	280.66	284.81	47355000
20070928	289.99	295.50	286.21	289.65	37928000
20070927	292.65	296.75	289.50	291.97	43979000
20070926	297.41	297.84	285.23	287.93	62892000
20070925	299.38	304.40	295.55	299.93	63898000
20070924	291.00	303.70	288.60	303.41	100198000
20070921	281.60	285.00	278.59	284.60	50305000
20070920	275.45	280.77	271.50	276.08	56955000
20070919	273.40	284.50	271.62	275.95	118232000
20070918	259.69	268.79	255.25	268.79	95312000
20070917	239.78	253.48	239.53	252.89	66817000
20070914	230.50	235.28	229.00	234.88	18881000
20070913	232.89	234.96	230.75	232.47	23305000
20070912	226.21	231.64	225.87	230.12	35671000
20070911	220.00	227.40	217.52	227.04	56276000
20070910	217.59	219.00	208.75	218.10	41236000
20070907	215.11	218.40	211.00	213.64	35360000
20070906	220.80	221.81	215.32	220.15	32590000
20070905	215.47	222.41	214.20	219.73	56142000
20070904	209.83	219.90	207.87	216.95	56919000
20070831	210.67	211.92	206.54	208.20	23507000
20070830	203.22	210.00	202.53	205.66	26111000
20070829	204.26	207.00	202.25	206.53	32665000
20070828	208.56	211.44	199.01	199.69	42352000
20070827	203.46	213.72	200.55	211.95	47816000
20070824	200.14	205.50	198.43	203.21	30957000
20070823	206.90	206.95	196.37	203.21	43509000
20070822	202.20	206.86	202.00	204.75	39822000
20070821	189.50	198.62	187.79	197.46	46192000
20070820	182.87	187.84	180.00	187.55	33615000
20070817	176.46	184.55	172.56	176.51	45482000
20070816	175.00	176.50	161.00	168.89	63593000
20070815	187.64	191.50	179.20	179.88	26761000
20070814	194.95	195.89	187.81	189.83	19079000
20070813	194.59	196.63	191.50	192.85	22103000
20070810	189.67	196.66	185.05	189.39	42816000
20070809	198.16	204.24	193.50	194.95	31158000
20070808	202.59	208.78	199.20	203.70	35086000
20070807	191.82	203.32	189.21	199.20	32255000
20070806	199.95	200.27	186.40	193.40	32173000
20070803	201.50	205.25	198.00	198.50	23919000
20070802	203.31	204.49	195.80	202.67	25293000
20070801	200.77	201.67	194.35	200.68	31968000
20070731	214.12	214.88	199.56	201.98	39734000
20070730	210.49	211.98	206.82	209.25	28834000
20070727	210.84	213.07	203.10	204.79	38943000
20070726	215.04	219.25	203.28	209.06	96736000
20070725	178.90	185.30	173.43	183.23	66766000
20070724	175.74	185.81	172.85	175.04	55861000
20070723	190.45	190.45	179.91	180.08	46524000
20070720	192.21	194.99	185.85	189.50	43973000
20070719	204.85	205.09	193.14	198.19	57533000
20070718	210.00	211.48	198.40	199.90	45084000
20070717	208.94	213.83	205.79	212.29	35029000
20070716	213.15	215.61	207.45	208.01	37496000
20070713	206.48	213.60	200.40	212.84	52336000
20070712	207.77	208.00	203.65	206.20	34542000
20070711	207.01	209.25	200.10	205.50	56201000
20070710	195.00	206.48	194.11	203.88	72275000
20070709	193.87	197.61	191.50	193.90	39279000
20070706	187.72	199.88	187.65	197.60	72720000
20070705	181.20	186.39	176.00	184.99	31241000
20070703	190.16	193.75	180.25	181.00	62633000
20070702	172.95	187.00	170.26	186.41	59568000
20070629	165.00	172.00	163.62	167.98	39436000
20070628	157.45	162.75	157.00	162.19	24871000
20070627	154.00	157.45	153.26	157.14	13687000
20070626	156.91	157.74	153.50	155.22	16902000
20070625	157.63	158.00	153.02	154.06	22387000
20070622	154.00	157.00	153.00	156.48	18526000
20070621	153.12	154.16	149.23	153.95	23753000
20070620	157.78	158.25	151.61	152.40	34693000
20070619	149.30	155.09	148.72	154.30	34677000
20070618	144.00	150.33	143.45	149.05	28037000
20070615	141.75	143.16	140.94	143.07	17419000
20070614	138.80	140.69	138.80	140.15	11143000
20070613	136.75	138.55	135.82	138.24	9989000
20070612	136.20	137.82	135.05	135.64	9828000
20070611	136.00	138.86	135.00	137.10	9600000
20070608	136.69	137.25	134.67	137.03	17447000
20070607	141.90	143.01	136.26	137.25	19865000
20070606	143.26	144.10	140.02	141.54	21838000
20070605	141.20	144.98	141.03	144.64	22112000
20070604	139.00	142.81	138.00	141.71	17323000
20070601	142.50	143.30	139.66	140.31	17578000
20070531	137.73	141.61	137.14	140.49	33222000
20070530	130.30	137.50	129.65	135.69	24664000
20070529	131.23	133.85	131.08	133.20	19099000
20070525	130.00	131.89	128.88	130.71	15105000
20070524	131.80	133.45	127.21	128.30	31744000
20070523	135.24	138.11	130.60	130.70	28297000
20070522	136.00	136.49	134.27	135.14	15631000
20070521	132.52	136.00	132.52	134.66	25999000
20070518	131.89	132.48	130.41	131.05	11941000
20070517	129.97	131.52	129.01	130.89	15292000
20070516	129.69	130.89	127.61	129.75	16023000
20070515	131.95	133.18	128.80	129.03	20814000
20070514	129.64	134.75	129.64	131.99	41178000
20070511	126.38	128.24	125.25	128.12	12697000
20070510	126.70	128.89	124.72	124.88	16966000
20070509	124.25	128.35	123.98	127.08	16458000
20070508	124.42	125.52	122.25	125.24	16208000
20070507	127.50	129.47	125.63	125.93	12802000
20070504	127.21	129.67	126.01	126.96	18882000
20070503	123.19	127.17	122.49	125.32	23599000
20070502	120.52	123.86	120.52	122.97	13002000
20070501	121.87	123.30	120.25	121.35	24944000
20070430	124.09	127.26	121.52	121.58	33672000
20070427	130.42	132.80	123.38	124.57	144363000
20070426	105.78	111.49	105.30	109.37	48748000
20070425	104.94	105.24	103.00	104.68	18641000
20070424	98.85	104.75	98.45	103.50	23220000
20070423	100.59	101.37	98.84	99.56	9030000
20070420	99.53	100.50	98.05	99.60	15191000
20070419	97.58	99.09	96.52	96.94	7865000
20070418	98.50	99.65	97.52	99.07	7751000
20070417	99.26	100.43	98.23	99.28	9119000
20070416	98.35	99.75	97.60	98.72	9699000
20070413	97.73	97.96	96.30	97.37	7142000
20070412	97.86	98.45	96.17	97.73	10032000
20070411	98.00	100.87	97.31	98.61	22115000
20070410	94.50	98.05	94.30	97.85	12809000
20070409	95.15	95.67	93.80	94.80	5927000
20070405	94.80	95.14	94.25	94.58	12155000
20070404	94.64	96.57	94.40	94.60	10280000
20070403	94.45	96.78	94.45	95.24	13658000
20070402	96.50	97.45	92.80	93.52	18110000
20070330	97.50	97.74	95.35	96.55	11236000
20070329	100.00	100.37	96.61	97.12	12662000
20070328	100.35	101.33	99.08	99.25	10781000
20070327	101.19	103.10	100.26	101.26	6520000
20070326	102.76	103.13	99.47	101.26	9867000
20070323	101.94	102.89	101.36	102.59	10166000
20070322	101.65	103.74	100.62	102.60	19427000
20070321	97.46	101.05	96.55	100.97	27981000
20070320	96.16	97.50	96.16	96.80	9043000
20070319	97.00	97.00	95.49	96.57	12269000
20070316	96.15	96.91	94.60	95.75	12142000
20070315	96.04	98.35	95.52	96.21	10970000
20070314	98.53	98.53	93.44	97.37	39621000
20070313	101.85	102.00	98.71	98.91	23457000
20070312	102.22	103.10	100.52	102.54	17882000
20070309	106.00	106.23	101.04	102.44	28316000
20070308	104.50	105.63	104.00	105.19	17620000
20070307	104.60	105.16	102.54	103.47	15006000
20070306	102.99	104.89	102.32	104.28	22364000
20070305	99.87	103.00	99.06	99.67	22159000
20070302	105.09	106.80	101.54	102.12	19364000
20070301	104.99	107.49	102.33	106.22	25394000
20070228	105.50	107.88	104.00	106.70	27239000
20070227	107.31	109.22	102.76	104.76	33968000
20070226	111.00	112.97	109.53	111.71	18498000
20070223	107.54	110.76	107.41	110.37	17688000
20070222	107.60	109.08	106.56	107.41	17491000
20070221	105.99	107.55	104.97	107.01	13307000
20070220	105.15	108.21	103.87	106.32	22514000
20070216	104.79	106.13	104.51	105.15	26751000
20070215	102.86	107.79	100.80	106.18	147033000
20070214	114.51	116.45	111.80	115.00	46961000
20070213	117.50	117.70	111.87	113.30	31624000
20070212	116.78	117.92	115.31	116.75	9944000
20070209	120.07	121.32	116.33	117.49	12370000
20070208	118.81	120.60	117.56	119.78	12194000
20070207	118.40	121.32	117.68	118.40	17698000
20070206	115.10	117.84	114.59	116.95	17210000
20070205	119.90	120.13	114.85	115.99	20239000
20070202	120.50	121.66	119.00	119.61	15317000
20070201	126.50	126.50	118.81	119.94	25876000
20070131	122.82	126.85	122.65	124.94	15469000
20070130	123.61	124.55	123.06	124.07	7820000
20070129	124.02	124.65	122.16	123.40	8526000
20070126	124.00	125.00	120.59	123.40	16168000
20070125	125.73	127.00	122.79	123.74	17433000
20070124	126.75	127.39	124.20	124.90	18345000
20070123	123.74	126.90	122.51	124.55	24681000
20070122	123.50	123.88	121.11	122.40	17170000
20070119	121.11	123.41	120.88	121.40	18122000
20070118	124.65	125.75	120.00	121.38	27136000
20070117	126.26	128.10	124.00	125.49	21641000
20070116	127.22	129.86	122.84	127.44	49541000
20070112	131.99	134.00	124.02	124.70	42936000
20070111	129.79	134.10	129.18	131.18	39548000
20070110	122.75	130.20	122.31	128.01	37846000
20070109	122.94	125.02	121.65	123.72	27376000
20070108	122.63	124.63	121.55	121.95	16354000
20070105	124.37	124.94	121.98	122.50	25083000
20070104	121.11	126.64	119.64	126.00	47495000
20070103	118.00	123.25	115.00	122.41	56458000
20061229	114.41	114.41	112.63	112.69	6180000
20061228	115.23	115.23	113.53	114.01	8333000
20061227	113.89	114.82	112.39	114.82	9722000
20061226	113.39	116.00	111.73	112.78	10338000
20061222	115.20	115.32	112.57	113.77	9962000
20061221	117.55	118.44	114.12	114.80	17123000
20061220	117.51	119.84	114.04	117.68	26296000
20061219	117.45	118.88	115.52	117.10	20964000
20061218	118.00	119.45	116.10	118.07	27044000
20061215	121.29	121.80	115.55	117.00	36368000
20061214	122.00	124.42	119.33	120.05	31684000
20061213	122.56	124.00	120.50	120.87	20974000
20061212	122.25	122.88	119.25	121.99	26997000
20061211	121.72	124.75	121.01	121.90	24049000
20061208	118.85	123.00	118.14	120.96	45745000
20061207	126.99	126.99	117.65	117.94	62165000
20061206	121.68	128.68	121.34	126.57	73162000
20061205	121.88	123.00	118.84	122.72	75097000
20061204	115.15	116.37	111.30	114.88	41862000
20061201	115.00	116.42	109.75	111.20	33029000
20061130	112.01	115.80	110.51	115.78	30361000
20061129	111.00	114.10	108.05	111.98	33376000
20061128	105.70	110.60	103.12	108.59	36159000
20061127	114.74	114.90	106.45	106.85	26488000
20061124	113.80	115.67	112.70	113.99	11076000
20061122	117.00	117.16	112.56	114.38	24777000
20061121	110.83	116.36	110.75	116.14	26170000
20061120	109.06	111.85	108.90	110.21	21186000
20061117	106.81	109.92	106.00	109.76	27702000
20061116	107.93	108.86	105.53	107.40	34830000
20061115	103.75	106.12	102.02	103.26	27529000
20061114	103.00	106.00	100.25	102.20	43329000
20061113	96.23	103.80	96.22	103.25	57853000
20061110	96.87	98.20	94.56	96.31	18121000
20061109	97.13	99.52	94.98	96.07	33662000
20061108	93.40	98.45	93.23	96.10	50742000
20061107	88.27	94.20	88.14	93.88	38186000
20061106	87.20	89.09	87.11	88.65	15246000
20061103	87.11	89.58	86.01	86.87	22350000
20061102	83.92	87.50	83.65	87.11	24747000
20061101	86.25	88.36	84.09	84.81	82277000
20061031	99.00	99.08	86.66	87.28	127623000
20061030	90.50	96.20	90.30	96.00	54398000
20061027	85.48	91.00	85.10	89.00	25264000
20061026	86.00	86.00	84.90	84.95	4230000
20061025	84.25	85.69	84.25	84.90	7960000
20061024	85.57	87.23	84.06	84.26	12909000
20061023	88.20	88.39	86.45	87.37	8657000
20061020	88.79	89.25	86.22	86.59	11914000
20061019	84.55	86.01	83.38	86.00	10263000
20061018	84.53	84.53	82.99	83.37	4863000
20061017	84.54	85.06	83.25	83.65	7556000
20061016	85.03	85.68	84.04	84.62	6024000
20061013	85.86	86.53	84.30	84.45	7005000
20061012	87.23	88.38	85.90	86.47	7741000
20061011	86.39	87.77	85.28	87.13	8846000
20061010	85.02	87.40	85.02	86.50	7571000
20061009	83.70	86.97	83.66	84.95	10798000
20061006	85.25	85.67	83.55	84.08	7005000
20061005	84.32	86.55	83.50	85.09	13739000
20061004	83.00	84.89	82.24	83.95	13662000
20061003	85.54	86.21	83.11	83.19	13339000
20061002	86.90	88.07	86.00	86.14	5544000
20060929	89.15	89.39	87.14	87.54	6574000
20060928	87.90	89.77	86.83	88.91	9859000
20060927	88.49	90.00	87.37	88.57	9044000
20060926	90.50	90.58	88.23	88.94	8589000
20060925	89.64	92.10	88.46	90.02	24792000
20060922	86.55	88.20	86.27	86.98	5279000
20060921	87.00	90.00	86.55	87.15	19009000
20060920	85.79	87.11	84.54	86.50	15400000
20060919	88.23	88.52	83.65	85.11	28775000
20060918	88.00	91.86	87.17	88.97	27217000
20060915	85.25	88.75	85.10	87.75	26799000
20060914	83.73	85.10	82.23	84.72	19025000
20060913	80.56	84.65	79.68	83.83	30891000
20060912	79.89	82.19	78.66	80.33	24624000
20060911	79.75	80.62	77.81	79.89	11988000
20060908	78.30	80.49	78.30	79.94	25286000
20060907	76.76	78.43	76.30	78.30	6652000
20060906	77.43	78.00	76.88	77.27	6551000
20060905	79.22	79.22	77.51	77.80	5913000
20060901	77.79	78.93	77.41	78.07	4094000
20060831	78.09	78.39	77.19	77.71	3144000
20060830	76.85	78.58	76.41	77.76	8235000
20060829	77.12	78.00	74.90	76.82	14227000
20060828	76.60	78.30	76.60	77.40	5291000
20060825	76.70	78.44	76.46	76.80	8079000
20060824	76.55	77.43	75.35	76.64	7864000
20060823	80.24	80.24	76.01	76.86	12147000
20060822	79.02	80.08	78.31	79.41	9286000
20060821	79.30	79.83	77.51	78.90	11276000
20060818	79.77	81.19	79.50	80.20	10413000
20060817	77.55	82.00	77.45	81.09	21735000
20060816	76.70	78.48	75.18	78.18	34337000
20060815	71.70	77.24	71.00	76.70	29866000
20060814	71.97	72.20	70.70	70.95	9560000
20060811	72.00	72.54	70.80	72.00	7589000
20060810	69.71	72.00	69.30	70.96	8614000
20060809	73.98	74.50	69.79	70.24	11387000
20060808	74.50	74.75	72.84	73.48	10786000
20060807	73.30	74.81	73.11	74.02	10450000
20060804	74.30	74.96	73.20	74.74	17609000
20060803	68.11	73.75	68.11	73.50	27884000
20060802	70.85	71.53	67.92	68.70	21135000
20060801	70.97	73.00	69.97	70.71	17072000
20060731	72.96	74.40	71.30	71.70	19670000
20060728	71.40	73.64	70.27	72.62	30760000
20060727	77.50	78.71	72.64	72.78	99351000
20060726	89.97	93.00	85.55	91.97	61131000
20060725	89.60	91.45	88.11	89.76	18670000
20060724	91.95	92.18	87.45	89.40	25149000
20060721	88.48	90.00	86.25	88.65	23348000
20060720	92.39	93.58	88.05	88.76	25062000
20060719	90.97	93.08	90.04	91.62	26803000
20060718	93.85	96.67	90.33	92.66	60718000
20060717	86.50	93.43	86.50	93.04	56065000
20060714	87.19	88.57	85.21	87.70	50139000
20060713	83.15	85.80	82.30	83.41	23712000
20060712	86.30	86.51	84.35	85.00	22261000
20060711	83.57	86.45	81.02	86.08	35543000
20060710	88.29	88.75	83.24	84.15	26580000
20060707	87.74	91.79	85.77	87.18	43281000
20060706	84.42	89.30	84.42	87.54	29034000
20060705	84.49	84.60	83.06	83.99	11684000
20060703	83.45	85.97	83.15	85.89	9527000
20060630	83.89	83.89	81.62	82.53	9803000
20060629	81.20	83.79	80.34	83.57	15106000
20060628	82.45	83.09	77.70	80.05	18427000
20060627	83.53	84.24	81.53	81.96	18730000
20060626	82.08	83.07	80.50	81.88	14065000
20060623	80.00	82.20	79.90	81.00	22172000
20060622	80.66	82.60	78.64	80.20	49018000
20060621	79.80	86.00	79.28	84.40	30985000
20060620	78.98	80.74	77.95	79.15	15019000
20060619	81.80	82.76	77.05	78.75	21636000
20060616	82.21	84.04	81.52	82.70	18593000
20060615	79.95	83.00	79.60	82.48	24457000
20060614	79.23	80.35	76.29	79.40	31116000
20060613	82.68	84.87	77.59	78.20	44158000
20060612	87.69	88.39	84.02	84.19	26653000
20060609	87.50	89.80	85.21	86.60	29278000
20060608	88.14	89.95	82.50	86.27	53455000
20060607	89.95	94.03	87.62	87.65	63965000
20060606	83.50	90.00	82.04	89.85	55034000
20060605	82.25	84.59	80.51	83.26	17606000
20060602	83.45	85.13	82.01	82.83	21483000
20060601	78.44	83.75	77.27	83.43	28371000
20060531	78.04	79.58	76.33	77.82	17948000
20060530	78.02	81.20	77.43	77.66	16596000
20060526	81.08	81.23	77.85	79.45	18308000
20060525	85.01	85.80	79.14	79.33	30514000
20060524	82.05	84.03	79.01	83.98	28598000
20060523	80.92	83.44	80.03	82.41	25711000
20060522	80.67	82.05	77.02	78.84	24821000
20060519	79.61	83.00	76.00	82.00	39850000
20060518	83.10	84.80	76.57	78.04	24811000
20060517	81.69	85.45	80.25	84.00	31194000
20060516	85.00	87.45	81.61	82.67	41881000
20060515	78.10	85.80	75.81	84.35	42553000
20060512	82.27	83.32	77.40	78.51	45093000
20060511	87.87	91.25	79.81	81.51	119718000
20060510	77.00	84.19	75.64	83.98	149826000
20060509	63.41	65.00	61.25	61.38	32278000
20060508	63.00	63.80	62.29	63.67	6861000
20060505	63.76	63.95	62.00	62.89	7597000
20060504	59.70	63.90	59.50	63.30	9755000
20060503	58.60	60.27	58.60	60.00	3521000
20060502	59.45	59.94	58.17	58.94	4727000
20060501	58.00	59.98	57.96	59.26	6122000
20060428	57.00	58.40	57.00	57.96	5070000
20060427	57.74	58.75	57.00	57.28	5434000
20060426	59.50	59.57	58.04	58.15	4646000
20060425	59.88	60.95	59.01	59.13	5673000
20060424	61.10	61.25	58.18	60.05	7174000
20060421	62.42	63.00	60.00	60.50	8912000
20060420	61.36	62.93	60.50	60.60	9883000
20060419	58.50	61.90	58.20	61.33	19540000
20060418	57.29	58.09	56.43	57.55	6696000
20060417	58.27	58.47	56.43	56.80	6938000
20060413	58.98	59.71	57.20	57.46	14525000
20060412	55.58	57.30	55.07	56.80	5920000
20060411	58.71	59.14	54.86	55.58	9721000
20060410	56.65	60.18	56.25	59.14	17507000
20060407	58.11	59.37	56.50	57.40	10246000
20060406	56.40	58.28	55.36	57.27	8147000
20060405	55.90	57.00	55.30	55.50	4190000
20060404	55.13	55.81	54.25	55.73	6116000
20060403	57.45	57.90	54.77	54.90	11766000
20060331	57.74	58.00	55.50	56.07	9873000
20060330	57.43	58.45	55.10	58.00	23599000
20060329	51.87	55.00	51.40	54.46	11475000
20060328	52.02	52.49	50.85	51.10	4248000
20060327	51.24	53.07	50.30	52.11	8230000
20060324	51.49	51.87	50.11	50.20	3317000
20060323	51.10	52.00	50.50	50.60	3724000
20060322	49.50	52.00	49.13	51.00	6581000
20060321	51.02	51.02	49.10	49.40	5781000
20060320	49.29	51.70	48.51	50.78	12858000
20060317	50.00	50.25	48.30	49.02	6175000
20060316	49.25	49.25	48.18	48.32	3607000
20060315	48.95	49.49	48.15	48.50	5294000
20060314	50.00	50.00	48.15	48.70	5922000
20060313	49.59	50.79	48.58	49.66	5614000
20060310	46.08	49.59	46.00	49.10	9219000
20060309	50.33	50.60	46.83	48.32	16003000
20060308	52.50	53.22	51.37	51.49	4525000
20060307	53.71	53.86	52.52	53.41	2631000
20060306	52.50	54.09	52.23	53.76	5538000
20060303	52.85	54.85	52.10	52.21	11868000
20060302	51.36	53.00	50.45	52.60	6815000
20060301	52.38	52.48	50.90	51.24	3089000
20060228	53.20	53.90	50.50	51.42	10306000
20060227	52.76	54.44	52.51	54.30	10463000
20060224	51.77	53.41	51.60	52.86	8519000
20060223	53.68	54.45	52.30	52.30	14100000
20060222	60.07	61.50	54.50	54.73	56326000
20060221	50.85	52.69	50.25	51.69	19507000
20060217	49.45	50.48	48.51	50.06	4847000
20060216	50.53	50.99	49.01	49.01	3870000
20060215	48.48	51.36	48.48	49.25	6761000
20060214	48.89	49.85	48.22	48.93	2399000
20060213	47.49	50.00	47.05	49.16	2594000
20060210	49.23	50.50	48.10	48.50	3421000
20060209	49.90	52.00	48.52	49.32	9270000
20060208	45.47	49.90	44.55	49.21	9538000
20060207	46.13	47.84	44.85	45.15	6257000
20060206	46.50	46.79	44.44	45.63	8162000
20060203	49.03	49.49	46.06	46.12	8744000
20060202	51.48	51.49	48.59	49.05	9261000
20060201	53.02	53.70	50.68	51.01	10889000
20060131	53.00	54.51	52.68	54.51	5968000
20060130	50.99	52.97	50.49	52.51	3904000
20060127	52.00	53.50	51.49	51.72	4065000
20060126	53.22	53.65	51.51	51.86	5259000
20060125	55.06	55.75	52.00	52.50	10194000
20060124	57.50	58.88	56.35	56.42	7272000
20060123	61.50	61.53	56.00	56.30	12457000
20060120	62.55	63.00	60.78	60.86	6793000
20060119	63.47	63.64	62.26	62.30	4407000
20060118	61.52	63.85	61.32	62.50	6720000
20060117	65.00	67.00	64.30	64.74	6725000
20060113	64.51	68.36	63.99	65.53	13506000
20060112	65.50	66.50	64.50	64.65	3835000
20060111	66.98	68.50	65.30	65.35	7953000
20060110	66.16	67.86	66.16	66.68	6400000
20060109	66.00	69.90	65.06	66.13	14743000
20060106	66.58	67.28	65.53	65.84	5047000
20060105	66.67	67.50	65.50	66.20	4947000
20060104	62.69	67.20	62.66	66.30	17493000
20060103	64.25	64.48	62.75	63.50	5010000
20051230	63.43	63.75	62.70	62.92	6138000
20051229	65.99	65.99	63.50	63.65	5527000
20051228	65.14	66.20	64.52	64.77	4630000
20051227	66.44	67.08	65.21	65.40	4083000
20051223	64.38	68.00	64.12	66.75	9332000
20051222	64.73	65.47	64.00	64.72	3921000
20051221	65.80	66.10	64.00	64.49	5835000
20051220	67.00	68.13	65.00	65.06	6806000
20051219	64.79	68.66	64.03	66.54	14061000
20051216	69.30	69.87	65.71	65.71	8435000
20051215	70.09	70.50	68.51	68.85	4317000
20051214	69.30	71.38	68.93	69.40	13129000
20051213	75.70	75.99	73.75	74.18	5730000
20051212	76.47	77.38	75.38	75.87	2341000
20051209	77.25	77.85	75.29	75.84	3107000
20051208	78.08	78.19	76.20	77.22	2655000
20051207	78.67	79.26	77.02	77.68	2765000
20051206	78.50	80.28	77.36	78.18	5198000
20051205	79.89	80.30	77.66	78.00	3371000
20051202	79.95	81.50	78.55	78.90	6625000
20051201	79.98	80.98	78.55	79.72	7752000
20051130	77.00	79.20	76.00	77.98	11108000
20051129	78.50	80.35	75.68	76.39	10322000
20051128	84.09	85.48	78.00	78.46	15533000
20051125	81.87	85.15	81.87	83.77	13692000
20051123	74.40	82.61	73.33	80.49	26563000
20051122	71.66	75.80	70.89	74.72	14249000
20051121	71.75	73.39	69.75	71.60	7182000
20051118	73.18	73.50	70.30	70.92	6661000
20051117	70.62	73.75	69.75	73.18	10266000
20051116	69.50	69.50	68.38	69.50	3193000
20051115	70.00	70.02	68.33	68.82	3952000
20051114	70.45	71.05	69.56	70.00	2671000
20051111	71.47	71.55	69.49	70.05	3231000
20051110	70.86	71.00	69.04	70.43	4057000
20051109	72.11	73.65	69.32	69.99	6673000
20051108	73.80	74.70	70.55	71.79	8689000
20051107	68.60	74.24	68.30	72.60	25884000
20051104	68.60	69.25	67.67	68.30	3946000
20051103	69.55	69.69	67.50	68.25	6103000
20051102	69.39	70.20	67.82	68.50	5970000
20051101	69.63	70.98	67.98	68.70	9326000
20051031	69.71	70.34	68.44	69.44	10868000
20051028	71.15	71.97	67.50	68.09	11796000
20051027	69.53	74.23	69.00	70.35	39648000
20051026	79.70	84.50	76.31	81.05	44191000
20051025	84.44	89.70	74.57	79.81	60541000
20051024	73.05	83.00	71.20	80.99	46821000
20051021	70.60	72.95	69.25	70.00	18086000
20051020	65.56	68.49	65.52	66.00	8125000
20051019	67.77	67.77	65.03	65.80	10634000
20051018	65.60	70.09	65.30	67.37	14335000
20051017	68.00	68.20	64.64	66.60	11518000
20051014	63.42	67.80	63.21	67.27	13271000
20051013	63.45	63.74	60.08	62.22	8818000
20051012	65.44	65.79	63.10	63.60	8363000
20051011	65.77	66.29	64.29	65.25	6876000
20051010	67.70	67.70	64.48	65.45	8108000
20051007	69.00	69.50	66.59	67.20	9241000
20051006	70.01	70.08	66.80	68.26	11726000
20051005	73.33	74.37	68.18	68.30	31919000
20051004	68.50	73.25	68.12	70.39	39003000
20051003	64.44	66.98	63.80	66.11	20346000
20050930	65.00	66.25	63.35	64.02	15284000
20050929	65.90	68.98	63.76	65.00	31795000
20050928	72.62	73.00	65.12	65.71	47978000
20050927	77.25	78.19	71.73	72.50	31831000
20050926	80.80	80.89	76.14	77.28	20420000
20050923	79.94	80.29	78.79	79.15	9713000
20050922	80.52	82.25	78.97	79.19	18579000
20050921	79.60	81.12	78.59	80.30	20520000
20050920	80.77	82.96	79.55	80.50	23511000
20050919	78.04	82.94	77.73	79.53	38860000
20050916	82.90	84.27	77.68	78.35	49886000
20050915	83.60	86.94	80.01	82.00	77833000
20050914	87.22	94.21	80.99	81.32	166607000
20050913	113.89	122.50	108.51	113.59	161185000
20050912	100.34	115.28	99.80	112.25	181774000
20050909	84.00	97.85	83.48	96.30	59022000
20050908	82.00	84.50	81.57	83.54	25081000
20050907	78.30	83.70	77.30	82.58	40394000
20050906	78.98	79.37	77.01	77.80	7122000
20050902	80.08	80.20	76.50	78.02	7313000
20050901	81.20	81.95	78.51	78.92	10673000
20050831	81.80	82.65	80.50	81.00	10884000
20050830	81.42	84.17	80.62	81.00	38132000
20050829	78.80	80.64	77.62	78.60	13392000
20050826	79.15	81.85	78.31	78.88	24683000
20050825	80.22	81.40	78.02	79.00	26965000
20050824	77.50	85.00	75.00	77.80	87651000
20050823	71.70	82.00	71.54	82.00	66574000
20050822	79.00	80.33	72.13	72.69	25171000
20050819	82.10	84.86	79.39	79.55	18188000
20050818	88.15	88.36	81.65	82.48	22166000
20050817	92.79	92.99	85.11	85.81	20166000
20050816	93.89	95.61	90.80	91.51	18579000
20050815	96.75	97.98	92.50	93.00	19290000
20050812	98.00	99.75	94.58	95.00	29949000
20050811	91.20	100.50	90.60	97.90	73248000
20050810	101.00	103.50	88.30	91.75	49638000
20050809	120.50	125.30	95.69	96.10	86677000
20050808	137.75	153.98	115.24	115.50	154889000
20050805	66.00	151.21	60.00	122.54	226811000