Date	Open	High	Low	Close	Volume
20130923	133.34	134.51	131.79	133.44	350100
20130920	133.59	134.85	133.29	133.84	719800
20130919	132.46	134.64	132.46	133.23	783300
20130918	130.11	133.51	130.11	132.39	817900
20130917	129.43	131.00	128.86	130.26	625200
20130916	130.21	130.37	127.67	129.18	419900
20130913	128.93	129.11	127.56	128.75	185400
20130912	128.80	129.28	127.59	128.28	258500
20130911	127.34	129.29	125.94	129.11	461800
20130910	126.95	128.38	126.70	127.44	418000
20130909	125.01	127.11	125.01	126.70	550700
20130906	125.48	126.21	123.60	125.02	457900
20130905	124.44	125.18	123.49	124.66	427500
20130904	123.31	124.98	123.31	124.56	534900
20130903	122.66	124.25	122.05	123.05	753400
20130830	121.26	121.95	120.35	121.42	538900
20130829	119.28	121.93	119.06	120.90	856000
20130828	120.87	121.59	119.43	120.00	788300
20130827	121.94	122.46	120.83	121.01	1079100
20130826	122.62	124.38	121.96	122.17	406000
20130823	124.73	125.80	122.46	122.70	681400
20130822	122.87	125.12	122.87	123.95	292300
20130821	124.23	124.66	122.79	123.23	418900
20130820	123.31	125.20	123.05	124.89	612900
20130819	123.12	123.99	122.64	123.25	982300
20130816	122.78	123.06	121.02	122.60	515000
20130815	123.57	123.87	122.32	123.12	555100
20130814	126.00	126.58	123.97	124.46	1049800
20130813	127.18	128.50	125.82	126.10	527900
20130812	127.48	127.74	119.41	126.56	1208500
20130809	127.65	128.58	126.52	128.27	506500
20130808	129.85	131.00	127.22	128.06	566500
20130807	126.27	129.95	124.66	129.63	1143400
20130806	131.00	133.74	125.39	127.05	1224200
20130805	132.48	134.44	128.66	130.15	2015000
20130802	128.00	137.29	127.19	134.00	2570400
20130801	125.75	129.50	125.75	127.96	880300
20130731	124.58	126.65	123.87	125.74	792800
20130730	126.08	126.35	123.49	123.78	736900
20130729	126.70	127.03	125.15	125.69	677100
20130726	126.82	127.36	125.73	126.61	544800
20130725	128.02	128.99	126.86	127.75	825100
20130724	127.77	129.10	126.94	128.22	4731200
20130723	129.34	129.96	126.31	127.77	1347300
20130722	127.88	128.62	127.04	128.19	933400
20130719	126.06	129.51	126.06	128.31	2012100
20130718	124.66	125.65	123.31	124.57	614300
20130717	124.25	125.53	123.19	124.15	1155900
20130716	124.40	125.54	123.38	123.82	1273200
20130715	124.91	125.98	124.58	124.58	775500
20130712	125.00	125.99	124.37	124.67	849600
20130711	125.50	126.57	124.67	125.20	1246300
20130710	125.36	126.69	123.67	125.35	1116100
20130709	128.61	128.88	125.48	125.67	934200
20130708	127.90	130.59	126.47	127.84	1010400
20130705	128.59	128.59	125.50	127.38	656300
20130703	124.49	128.10	124.10	127.64	730900
20130702	123.31	125.80	122.56	125.14	1383600
20130701	124.20	125.08	121.40	122.22	2122000
20130628	124.46	127.03	123.71	123.85	2394000
20130627	119.75	128.57	118.93	123.81	1620500
20130626	118.31	120.66	118.00	119.00	948700
20130625	118.95	119.93	117.66	117.77	1330200
20130624	118.95	120.77	116.45	118.44	1125600
20130621	114.35	120.60	114.35	119.68	2468700
20130620	117.54	117.64	113.79	114.05	865600
20130619	118.12	119.00	117.26	117.80	711400
20130618	117.28	119.85	116.75	117.95	751900
20130617	117.51	119.24	116.61	117.72	1087300
20130614	110.67	117.09	110.22	116.61	1596700
20130613	111.62	111.94	110.86	110.89	1123500
20130612	112.91	113.80	111.25	111.39	812500
20130611	111.99	113.70	111.17	112.46	1092800
20130610	114.87	115.15	112.25	112.53	1077400
20130607	113.36	114.60	112.39	113.91	526100
20130606	113.92	114.47	111.47	112.63	755400
20130605	114.62	116.10	113.92	113.92	1209900
20130604	111.43	115.41	111.43	114.95	1080400
20130603	112.74	112.74	109.63	111.62	752700
20130531	111.21	113.39	111.21	112.00	851500
20130530	112.96	113.14	111.33	111.81	583500
20130529	113.36	114.43	112.60	112.65	693900
20130528	114.53	115.45	113.60	114.10	621200
20130524	113.04	113.04	111.74	112.85	625200
20130523	111.47	113.64	111.47	113.54	412500
20130522	113.52	115.13	112.39	112.94	907300
20130521	111.78	114.82	111.37	114.00	699400
20130520	112.54	113.31	111.22	111.41	702600
20130517	114.64	114.72	112.04	112.14	912900
20130516	114.73	116.42	113.25	113.61	1197100
20130515	113.82	114.67	113.54	114.53	1090900
20130514	111.42	114.03	111.09	113.78	1052000
20130513	109.92	112.09	109.86	111.65	757500
20130510	110.33	112.10	110.06	110.06	1294900
20130509	109.16	110.55	109.16	110.13	802600
20130508	108.76	110.49	107.66	110.04	1628100
20130507	104.93	111.44	104.93	109.69	1635800
20130506	104.64	105.77	104.15	105.03	875400
20130503	103.89	105.29	103.71	104.61	713300
20130502	101.83	103.21	101.28	103.13	686100
20130501	100.48	101.72	100.48	101.17	614400
20130430	101.38	101.38	99.41	100.74	804600
20130429	102.17	102.17	100.71	101.62	294600
20130426	100.99	102.64	100.03	101.64	445400
20130425	102.79	103.30	100.92	101.11	696800
20130424	104.85	105.15	101.02	103.05	756700
20130423	104.30	105.57	103.38	104.41	619400
20130422	104.10	104.55	102.49	103.85	681500
20130419	103.22	103.43	102.44	103.04	663900
20130418	104.43	104.43	101.49	102.73	962200
20130417	104.64	105.39	103.22	104.03	491100
20130416	104.24	105.20	102.95	104.91	492300
20130415	104.26	104.26	102.89	103.08	425100
20130412	104.19	105.47	104.19	105.06	526300
20130411	103.77	104.84	103.29	104.84	489600
20130410	104.46	104.84	102.97	103.67	767200
20130409	104.83	105.09	103.11	103.58	574000
20130408	105.45	106.98	103.65	104.75	727500
20130405	102.66	105.50	101.60	105.49	1063100
20130404	102.50	104.60	101.79	104.55	892700
20130403	103.91	104.14	101.07	102.28	1098800
20130402	104.47	105.53	103.78	103.80	527900
20130401	104.65	105.29	102.96	103.78	391200
20130328	104.43	105.07	103.84	104.18	586000
20130327	102.62	105.55	102.62	104.29	807300
20130326	102.90	103.20	102.32	102.99	903500
20130325	103.50	103.90	102.06	102.44	1376300
20130322	102.60	103.29	102.00	103.28	2978900
20130321	104.28	104.90	101.48	102.36	2077300
20130320	101.00	106.29	100.75	105.77	2545700
20130319	99.65	100.65	97.88	100.38	4223400
20130318	88.93	99.93	88.70	98.04	5333800
20130315	90.32	90.73	89.12	90.09	1342700
20130314	89.88	90.19	87.93	90.11	638800
20130313	90.83	90.95	89.41	89.88	1206800
20130312	89.44	89.64	88.90	89.50	1509100
20130311	89.14	89.49	88.69	88.95	732300
20130308	90.00	90.34	86.76	89.06	2929900
20130307	90.60	90.60	89.49	89.80	791800
20130306	88.14	90.90	88.01	89.98	2069600
20130305	86.96	87.67	86.67	87.61	859700
20130304	85.91	87.01	85.74	86.99	456600
20130301	85.77	86.92	85.77	86.49	1022800
20130228	86.94	87.25	84.21	86.39	1619200
20130227	87.40	89.14	85.85	87.13	1343000
20130226	83.99	86.98	83.33	86.74	2008800
20130225	83.89	85.56	82.92	83.30	1602700
20130222	79.31	86.32	76.25	85.02	4161100
20130221	78.00	78.05	76.19	77.03	1125400
20130220	79.49	79.74	77.93	77.99	567500
20130219	79.82	79.98	79.07	79.39	411400
20130215	79.47	79.67	79.22	79.54	680500
20130214	79.95	80.13	79.12	79.48	439200
20130213	80.87	80.91	79.68	80.03	769600
20130212	79.55	80.01	79.24	80.00	444300
20130211	80.56	80.56	79.18	79.31	365200
20130208	80.50	81.67	80.02	80.89	410900
20130207	80.71	82.61	78.79	80.63	1183800
20130206	78.07	82.15	78.07	81.05	970100
20130205	77.26	83.55	77.26	81.53	2305500
20130204	77.58	78.39	76.59	76.67	626900
20130201	78.06	78.78	76.78	78.04	1907800
20130131	81.44	81.94	77.97	77.97	2691200
20130130	81.46	82.20	81.05	81.63	587300
20130129	82.07	82.24	81.09	81.50	561400
20130128	80.66	82.82	80.48	82.24	1038100
20130125	79.61	80.75	79.15	80.68	928500
20130124	79.10	79.78	78.84	79.22	753200
20130123	78.42	79.14	78.42	78.95	428300
20130122	79.15	79.15	78.49	78.82	395900
20130118	78.89	79.05	78.46	78.83	566200
20130117	78.56	79.10	78.49	78.95	907600
20130116	78.28	78.48	77.94	78.34	247800
20130115	77.73	78.71	77.68	78.32	282600
20130114	78.28	78.80	77.74	78.18	423900
20130111	79.00	79.02	78.09	78.39	572100
20130110	79.03	79.20	78.45	79.00	953400
20130109	77.50	78.75	77.33	78.60	872100
20130108	77.54	77.57	76.28	77.20	482300
20130107	77.18	77.67	76.73	77.40	562200
20130104	78.31	78.31	77.36	77.60	702800
20130103	78.00	78.96	77.37	77.98	558500
20130102	77.50	78.67	77.03	78.10	872600
20121231	73.92	76.69	73.18	76.24	758300
20121228	72.90	74.03	72.68	73.58	443400
20121227	73.02	73.83	72.46	73.67	465400
20121226	73.58	74.62	72.67	73.24	415500
20121224	73.74	73.84	73.06	73.43	193900
20121221	72.05	73.70	71.67	73.43	823100
20121220	73.94	74.57	73.05	73.21	1223000
20121219	74.35	75.00	72.57	74.05	1234800
20121218	71.03	74.64	70.88	74.14	1568100
20121217	68.89	70.97	68.63	70.78	1088200
20121214	69.01	69.62	68.44	68.68	330600
20121213	69.73	69.97	68.61	69.08	480000
20121212	69.86	70.32	69.35	69.61	669900
20121211	69.76	69.99	69.13	69.59	810300
20121210	70.47	70.47	69.28	69.76	539400
20121207	69.78	70.71	69.50	70.43	923000
20121206	69.64	70.37	68.96	69.60	700900
20121205	70.13	70.77	69.61	69.74	924300
20121204	69.83	70.93	69.60	70.45	1445600
20121203	70.85	70.86	70.09	70.45	624600
20121130	71.03	71.46	70.30	70.85	1827500
20121129	71.10	72.37	70.34	71.31	1667700
20121128	69.78	70.60	69.64	70.29	567700
20121127	70.19	70.47	69.86	70.29	663000
20121126	70.03	70.34	69.36	70.28	675200
20121123	70.19	70.47	69.70	70.00	196900
20121121	69.87	70.85	69.59	69.87	1708200
20121120	69.11	71.67	68.80	70.31	590700
20121119	69.93	69.96	68.49	68.64	388500
20121116	68.33	69.98	68.20	69.27	524500
20121115	67.60	68.58	67.06	68.54	779000
20121114	69.08	69.11	67.18	67.50	667300
20121113	68.48	69.15	68.25	68.94	675100
20121112	69.27	69.69	68.38	69.00	467000
20121109	68.24	69.72	68.00	68.72	512400
20121108	69.87	69.96	68.20	68.26	704400
20121107	70.85	71.61	69.00	69.47	1948800
20121106	70.01	72.61	70.01	71.62	2566500
20121105	73.00	73.24	71.07	72.94	1861800
20121102	77.20	78.17	75.01	75.10	727000
20121101	77.20	77.99	76.81	77.75	599300
20121031	76.55	77.81	75.99	77.41	533700
20121026	75.80	76.73	75.42	76.57	432000
20121025	76.91	77.62	76.02	76.19	299800
20121024	76.28	77.07	75.64	76.09	758000
20121023	77.22	79.95	75.31	76.19	1179800
20121022	78.14	79.08	77.61	78.17	650400
20121019	78.41	78.58	77.12	78.54	854000
20121018	77.30	78.68	76.99	78.51	317300
20121017	76.47	78.29	76.47	77.69	405200
20121016	77.02	77.23	76.28	76.65	515800
20121015	76.10	77.40	76.01	76.73	294200
20121012	75.83	76.97	75.57	76.13	285900
20121011	76.25	76.86	75.05	76.12	461200
20121010	76.04	76.80	75.62	75.98	337800
20121009	76.16	76.22	75.79	76.08	911000
20121008	76.29	76.43	75.44	76.03	338600
20121005	77.55	77.78	76.44	76.53	421000
20121004	77.12	77.59	76.21	77.38	409700
20121003	75.85	77.50	75.52	76.76	540200
20121002	75.06	76.76	75.06	75.50	752100
20121001	75.34	76.04	74.60	75.01	497800
20120928	75.03	75.74	74.07	75.06	623900
20120927	75.05	75.89	74.42	75.21	656700
20120926	75.35	75.47	73.01	74.89	1151500
20120925	76.86	77.10	75.36	75.44	703200
20120924	77.83	78.82	75.66	76.37	1288600
20120921	80.97	81.85	78.70	79.43	921700
20120920	79.94	80.87	79.77	80.28	242500
20120919	80.00	80.56	79.17	80.38	834800
20120918	80.20	80.73	79.80	79.89	316900
20120917	82.71	82.74	80.47	80.74	389700
20120914	81.54	83.41	81.43	82.54	421800
20120913	79.94	82.27	79.71	81.63	484900
20120912	78.86	82.21	78.66	80.20	1048800
20120911	78.06	79.72	77.38	78.90	663200
20120910	78.22	78.66	77.68	77.80	272600
20120907	79.06	79.21	77.93	78.15	388200
20120906	78.75	79.36	78.10	79.28	357400
20120905	77.32	79.59	76.95	78.16	483500
20120904	77.57	77.80	76.73	77.08	301500
20120831	77.05	78.33	76.92	77.80	210600
20120830	76.50	77.24	76.43	77.00	193500
20120829	76.66	76.99	75.91	76.46	313500
20120828	76.93	77.49	76.63	76.76	234300
20120827	78.18	78.18	77.24	77.24	151100
20120824	76.56	78.13	76.38	77.73	324900
20120823	77.15	77.15	75.97	76.38	587900
20120822	77.11	77.70	76.74	77.11	284900
20120821	77.87	78.63	77.04	77.28	299300
20120820	77.89	78.25	76.74	77.88	285400
20120817	78.83	79.29	77.31	77.80	462400
20120816	79.60	80.10	78.46	78.50	640600
20120815	78.74	80.09	78.69	79.80	612400
20120814	79.01	80.57	78.45	78.50	1486900
20120813	77.71	79.02	77.16	78.91	843500
20120810	75.80	78.36	75.20	77.93	726700
20120809	74.63	76.25	74.50	75.51	2376000
20120808	75.50	76.12	74.91	76.01	730300
20120807	77.90	78.90	73.52	76.68	1824400
20120806	80.00	80.10	77.36	77.59	718700
20120803	78.58	80.22	78.07	79.93	526900
20120802	77.97	78.83	77.58	78.30	547400
20120801	77.70	79.02	77.49	78.34	474500
20120731	77.00	77.80	76.06	76.92	529400
20120730	76.16	77.67	76.16	77.46	726300
20120727	75.96	76.85	75.80	76.35	516900
20120726	75.07	76.08	74.49	75.80	687200
20120725	73.22	74.39	72.77	74.20	546300
20120724	73.52	73.68	72.52	72.92	271500
20120723	73.92	74.06	73.15	73.52	458200
20120720	74.15	74.82	73.59	74.37	293600
20120719	73.02	75.05	72.92	74.81	518300
20120718	72.78	73.08	72.51	72.95	347500
20120717	72.47	73.65	72.10	73.07	292100
20120716	72.74	72.99	72.22	72.53	154300
20120713	72.92	73.33	72.70	72.87	236800
20120712	71.30	73.34	70.83	72.78	472700
20120711	72.09	72.65	71.52	71.59	407500
20120710	72.11	72.79	71.87	72.10	533700
20120709	71.74	72.41	71.38	72.02	232000
20120706	71.66	72.55	71.28	72.08	140600
20120705	71.97	72.48	71.14	72.24	244600
20120703	72.33	72.53	71.90	72.21	141100
20120702	71.12	72.12	70.70	72.05	710800
20120629	70.95	71.86	70.30	70.87	693500
20120628	69.56	70.00	69.16	70.00	263000
20120627	67.96	70.28	67.88	69.65	544800
20120626	66.99	67.86	66.51	67.70	345800
20120625	67.24	67.78	66.36	66.61	522800
20120622	67.51	68.31	66.86	67.91	982700
20120621	69.55	69.97	67.29	67.44	253700
20120620	68.95	69.97	68.82	69.40	637200
20120619	67.98	69.29	67.35	68.98	656300
20120618	66.51	67.69	66.39	67.63	362900
20120615	65.81	67.06	65.66	66.89	439600
20120614	64.85	66.00	64.63	65.89	414500
20120613	64.65	65.29	64.04	64.93	1072700
20120612	63.46	64.79	63.46	64.73	596800
20120611	64.41	64.80	63.36	63.39	261400
20120608	63.88	64.16	62.96	64.12	181000
20120607	64.57	65.60	63.68	63.81	676100
20120606	63.65	64.06	63.13	63.75	450700
20120605	61.40	63.54	61.14	63.51	787600
20120604	61.51	61.79	60.46	61.28	262000
20120601	62.40	62.55	61.00	61.31	290600
20120531	63.86	63.86	61.66	62.70	2103800
20120530	63.92	64.43	63.00	63.19	415000
20120529	64.88	65.39	63.74	64.63	1029000
20120525	64.35	64.50	63.60	64.27	386400
20120524	64.66	65.04	63.36	64.21	437200
20120523	63.95	64.64	62.76	64.61	398000
20120522	64.07	65.11	64.00	64.65	1162100
20120521	62.26	63.73	61.49	63.63	447500
20120518	63.90	63.90	61.34	61.68	575000
20120517	65.10	65.66	63.29	63.34	429400
20120516	66.15	67.22	65.22	65.30	728200
20120515	66.52	66.52	65.31	65.49	384500
20120514	66.76	67.35	65.91	66.23	426200
20120511	67.36	67.95	66.73	67.49	519900
20120510	67.23	68.62	67.15	67.70	491000
20120509	64.30	67.83	62.96	67.14	1286600
20120508	61.10	66.18	59.95	64.97	1673600
20120507	61.27	61.88	60.77	61.82	347800
20120504	62.25	62.73	60.93	61.57	247200
20120503	62.32	62.73	62.20	62.35	330700
20120502	60.93	62.56	60.93	62.24	350900
20120501	60.39	61.40	60.28	61.02	644400
20120430	60.47	60.74	60.18	60.47	209100
20120427	61.02	61.38	60.35	60.42	313400
20120426	60.61	61.14	60.42	60.95	293900
20120425	60.73	60.93	60.35	60.63	368600
20120424	60.13	60.77	59.83	60.17	244200
20120423	61.85	61.87	60.12	60.20	486900
20120420	61.65	62.28	61.54	61.96	231300
20120419	61.10	61.49	60.80	61.45	275200
20120418	61.11	61.26	60.73	61.16	194000
20120417	60.78	61.54	60.71	61.31	357600
20120416	61.18	61.18	60.16	60.34	155500
20120413	61.10	61.22	60.69	60.97	243300
20120412	60.76	61.13	60.21	61.06	310100
20120411	59.96	60.90	59.48	60.56	415200
20120410	61.75	62.21	59.04	59.41	449000
20120409	62.20	62.34	61.40	61.66	219600
20120405	61.52	62.97	61.52	62.76	245200
20120404	62.50	62.56	61.39	61.78	376000
20120403	64.14	64.21	62.95	63.01	282100
20120402	63.50	64.77	63.11	64.37	223100
20120330	63.22	63.63	62.70	63.45	433100
20120329	62.84	63.59	62.79	63.11	337000
20120328	64.07	64.07	63.02	63.25	138400
20120327	64.53	64.88	63.83	63.98	145300
20120326	65.17	65.32	64.28	64.37	287300
20120323	64.99	65.32	64.68	64.91	531000
20120322	63.68	64.76	63.58	64.63	316100
20120321	63.04	64.17	62.91	64.01	235500
20120320	63.55	63.61	63.10	63.23	285000
20120319	63.74	64.08	63.43	63.97	220500
20120316	63.60	64.07	63.19	63.99	375300
20120315	63.19	63.84	62.75	63.49	214900
20120314	62.76	63.59	62.76	63.11	236100
20120313	62.62	63.49	62.62	62.89	272000
20120312	61.21	62.50	61.00	62.47	273700
20120309	61.36	61.39	60.73	61.09	461700
20120308	61.08	61.60	60.75	61.04	317700
20120307	61.01	61.34	60.48	60.54	284300
20120306	61.91	62.19	60.45	60.90	293600
20120305	62.55	63.01	62.00	62.35	179200
20120302	62.90	63.41	62.31	62.56	192000
20120301	63.30	63.79	62.86	63.24	236500
20120229	63.25	63.82	62.89	63.41	359100
20120228	63.70	63.89	63.00	63.56	416700
20120227	63.01	64.39	61.44	63.57	462000
20120224	63.59	63.85	62.87	63.43	257800
20120223	62.58	63.60	62.56	63.50	205200
20120222	62.92	63.27	62.16	62.72	195900
20120221	62.92	63.02	62.42	62.70	177300
20120217	62.40	63.01	62.11	62.85	247900
20120216	62.31	62.51	61.90	62.51	454000
20120215	60.44	62.31	60.25	62.22	911600
20120214	59.93	60.44	59.37	60.02	277300
20120213	59.04	60.15	58.64	59.97	677400
20120210	58.44	58.76	58.18	58.59	431700
20120209	58.26	58.88	58.05	58.79	570700
20120208	57.91	58.16	57.84	58.12	391400
20120207	58.26	58.26	57.62	57.84	199000
20120206	57.95	58.61	57.78	58.31	94900
20120203	58.10	58.52	58.00	58.17	321600
20120202	58.48	58.69	57.56	57.80	154400
20120201	57.96	58.69	57.96	58.28	312800
20120131	57.11	57.69	56.92	57.64	193500
20120130	57.18	57.24	56.60	56.83	344100
20120127	58.09	58.47	57.47	57.61	559600
20120126	58.17	59.11	57.98	58.49	658500
20120125	56.53	57.75	56.53	57.71	594800
20120124	56.47	57.37	56.38	56.64	510300
20120123	57.01	57.29	56.05	57.00	539500
20120120	56.94	57.22	56.50	57.01	286900
20120119	56.43	57.47	56.43	56.97	425500
20120118	56.91	56.98	56.20	56.44	153100
20120117	57.37	58.38	56.78	56.97	454000
20120113	57.45	57.65	56.86	56.96	350100
20120112	56.71	57.64	56.23	57.46	1292200
20120111	56.54	57.12	56.12	56.15	362200
20120110	57.00	57.38	56.49	56.66	434700
20120109	56.75	56.92	56.32	56.75	341700
20120106	56.99	56.99	56.25	56.62	274100
20120105	56.77	57.00	56.13	56.98	571700
20120104	57.00	57.64	56.70	56.81	379900
20120103	57.52	57.79	57.00	57.19	792200
20111230	57.03	57.47	56.55	56.94	222300
20111229	56.19	57.27	56.07	56.88	701000
20111228	56.23	56.23	55.03	55.96	232500
20111227	56.36	56.43	55.99	56.14	280600
20111223	55.74	56.60	55.65	56.30	833400
20111222	55.79	56.02	55.51	55.74	322300
20111221	55.30	55.90	54.89	55.60	439400
20111220	55.75	56.21	54.59	55.42	1534400
20111219	54.25	54.68	52.51	52.74	439900
20111216	53.62	55.18	53.45	54.52	2165100
20111215	53.18	53.65	52.67	53.10	355000
20111214	52.98	53.22	51.87	52.54	304700
20111213	53.40	53.97	52.47	52.67	190600
20111212	52.21	52.98	51.79	52.81	215100
20111209	51.21	53.00	51.21	52.94	310000
20111208	52.71	52.86	51.00	51.17	144000
20111207	53.08	53.31	52.57	52.94	323000
20111206	51.74	53.02	51.72	52.97	268900
20111205	53.26	53.58	51.72	52.04	389400
20111202	52.62	53.27	52.52	53.08	521400
20111201	52.79	53.39	52.36	52.81	391000
20111130	54.12	54.35	52.85	52.87	1685600
20111129	52.83	53.03	52.30	52.64	577500
20111128	53.09	53.09	52.54	52.75	473700
20111125	50.91	52.32	50.91	51.85	210100
20111123	52.16	52.39	50.77	50.98	295700
20111122	52.02	52.93	51.99	52.46	267900
20111121	52.23	52.84	51.68	52.07	354500
20111118	52.31	53.15	51.81	52.91	387900
20111117	51.49	52.65	51.49	52.20	380900
20111116	52.25	53.61	51.46	51.50	461300
20111115	52.31	53.38	52.31	53.18	442500
20111114	53.45	53.45	52.18	52.45	354100
20111111	53.35	54.07	52.97	53.61	302400
20111110	51.86	52.76	51.11	52.69	231600
20111109	52.27	53.37	51.00	51.23	217900
20111108	52.94	53.85	52.73	53.45	225600
20111107	52.36	52.92	51.47	52.85	422700
20111104	50.66	53.16	50.66	52.71	673300
20111103	48.70	50.80	48.34	50.66	672900
20111102	47.00	48.27	46.98	48.19	720700
20111101	45.24	47.80	43.98	46.85	865700
20111031	45.29	47.21	45.29	45.94	790700
20111028	49.44	49.44	45.15	45.58	1241400
20111027	50.95	51.98	49.27	49.58	505500
20111026	50.18	50.51	49.57	50.22	347300
20111025	50.46	50.69	49.13	49.64	283900
20111024	49.98	50.60	49.55	50.42	263900
20111021	49.64	50.10	48.91	49.75	172900
20111020	48.80	49.39	47.80	49.00	196900
20111019	50.15	50.48	48.66	48.78	281100
20111018	49.33	50.59	48.92	50.26	205600
20111017	48.60	49.29	48.54	49.00	112900
20111014	49.19	49.44	48.77	49.04	69800
20111013	48.61	49.01	48.12	48.57	134600
20111012	48.64	49.48	48.64	49.08	144400
20111011	48.17	48.93	48.06	48.44	187200
20111010	47.52	49.00	47.51	48.65	134200
20111007	47.47	47.93	46.52	46.63	110900
20111006	46.46	47.63	46.04	47.18	190600
20111005	45.28	46.78	44.82	46.59	389000
20111004	43.09	45.12	41.84	45.10	562700
20111003	46.58	47.34	43.66	43.67	519700
20110930	47.27	47.85	46.70	46.84	241600
20110929	49.93	50.80	47.16	48.12	331500
20110928	50.67	51.27	48.99	49.20	376200
20110927	50.12	51.23	49.56	50.05	252300
20110926	47.88	49.35	46.54	49.21	253300
20110923	46.10	47.68	46.10	47.58	218700
20110922	46.95	47.71	45.69	46.27	187600
20110921	49.38	50.11	48.16	48.16	160600
20110920	49.32	50.18	49.32	49.45	222700
20110919	48.62	49.35	47.62	49.11	184300
20110916	49.50	49.95	49.10	49.34	249300
20110915	49.65	50.00	49.07	49.43	261600
20110914	48.04	49.58	47.76	49.23	212800
20110913	47.04	48.18	46.64	47.64	224400
20110912	46.10	47.13	45.83	46.86	339200
20110909	48.46	48.90	46.41	46.71	321400
20110908	49.35	49.89	48.65	48.89	433900
20110907	48.70	50.27	48.69	49.62	225800
20110906	48.00	48.44	46.93	47.91	368400
20110902	49.13	49.60	48.48	48.88	234000
20110901	49.99	50.85	49.54	49.63	396000
20110831	50.25	51.68	49.60	49.88	395700
20110830	49.51	50.66	49.00	49.99	350400
20110829	48.09	50.00	47.99	49.71	607700
20110826	46.17	48.07	44.85	47.64	357000
20110825	47.99	48.14	46.31	46.49	291300
20110824	47.21	49.54	46.67	47.60	611200
20110823	45.33	47.59	44.80	47.43	984500
20110822	47.55	47.93	45.15	45.29	342500
20110819	45.46	47.65	45.46	46.59	624600
20110818	47.48	47.93	45.42	45.98	510400
20110817	48.73	49.67	47.63	48.45	588400
20110816	48.82	49.81	48.44	48.53	552500
20110815	47.59	49.57	47.59	49.26	766500
20110812	47.29	48.21	46.56	47.23	545100
20110811	44.33	47.79	43.67	46.96	838300
20110810	44.40	45.68	43.57	44.35	583200
20110809	42.68	45.73	42.46	45.19	1320900
20110808	45.00	45.16	41.33	42.06	1830200
20110805	48.40	48.55	43.03	46.06	1453800
20110804	50.68	50.68	47.08	47.08	1069300
20110803	51.01	51.99	49.71	51.36	585600
20110802	53.44	54.40	50.92	50.99	849300
20110801	54.01	56.17	52.89	53.28	535500
20110729	54.46	54.46	53.83	54.00	460800
20110728	57.35	58.06	54.52	54.74	638200
20110727	58.72	59.02	57.16	57.35	375300
20110726	59.07	59.37	58.61	58.99	106500
20110725	59.55	59.69	58.86	59.12	290000
20110722	59.57	59.96	59.18	59.75	242800
20110721	58.73	60.00	58.22	59.51	606500
20110720	57.76	59.05	57.76	58.78	421800
20110719	56.84	58.11	56.84	57.41	412100
20110718	57.15	57.28	55.96	56.28	207700
20110715	56.96	57.62	56.96	57.34	191500
20110714	56.83	57.29	56.51	56.86	327500
20110713	56.76	57.35	56.24	56.76	244200
20110712	56.32	57.16	56.32	56.72	265300
20110711	57.48	58.47	56.13	56.51	286800
20110708	58.20	58.89	57.52	57.80	477800
20110707	59.00	59.23	58.53	58.54	360700
20110706	58.29	59.14	57.92	58.98	740200
20110705	56.67	58.76	56.50	57.97	930300
20110701	54.50	55.43	54.25	55.15	495500
20110630	54.52	54.85	54.05	54.26	556600
20110629	54.63	54.72	53.97	54.36	383000
20110628	54.51	54.89	53.96	54.57	362500
20110627	54.36	54.76	53.61	54.09	629600
20110624	55.86	55.93	53.02	54.41	6393700
20110623	56.98	57.05	54.98	55.52	573900
20110622	56.08	58.15	56.08	57.14	658700
20110621	56.16	56.82	55.93	56.20	431300
20110620	56.56	56.66	55.48	56.03	486900
20110617	56.15	56.99	55.77	56.81	1265600
20110616	55.65	56.36	55.05	56.01	303800
20110615	55.50	56.40	55.35	55.70	477000
20110614	55.62	56.65	55.47	55.96	437300
20110613	57.82	57.87	51.90	55.46	985400
20110610	57.75	57.94	56.64	57.50	395400
20110609	57.89	58.06	57.60	57.77	255500
20110608	57.89	58.30	57.50	57.94	349600
20110607	57.64	58.40	57.19	57.87	404800
20110606	57.05	57.64	57.05	57.38	209500
20110603	56.97	58.13	56.85	57.78	311800
20110602	56.73	57.75	56.73	57.39	189200
20110601	56.48	57.29	56.12	56.70	216700
20110531	56.60	58.23	56.45	56.49	213100
20110527	55.80	56.32	55.80	56.23	195800
20110526	55.58	56.55	55.34	55.68	136100
20110525	55.96	56.08	55.33	55.75	60800
20110524	55.97	56.59	55.76	55.99	133000
20110523	56.60	56.73	55.27	55.79	121700
20110520	57.64	57.64	56.62	57.00	77100
20110519	57.50	57.66	57.19	57.62	219500
20110518	56.37	57.69	56.25	57.36	288900
20110517	57.52	57.74	55.90	56.18	246900
20110516	57.69	58.92	57.43	57.77	281000
20110513	58.66	59.06	57.61	57.86	174600
20110512	58.36	59.09	58.29	59.00	204400
20110511	57.98	59.23	57.98	58.67	232100
20110510	57.14	58.44	56.87	58.33	151300
20110509	58.10	58.50	57.49	57.85	238600
20110506	57.96	58.48	57.46	58.00	208000
20110505	58.04	58.51	57.28	57.53	217800
20110504	58.63	58.92	58.10	58.26	140000
20110503	57.96	59.99	57.36	58.71	173300
20110502	59.01	60.57	58.99	59.30	433300
20110429	58.47	61.15	58.02	58.94	556000
20110428	56.07	58.69	56.05	58.64	345500
20110427	55.30	56.42	54.80	56.12	379000
20110426	55.00	55.44	54.80	55.28	173400
20110425	54.83	55.01	54.57	54.86	165800
20110421	55.13	55.25	54.48	54.88	127100
20110420	55.12	55.44	54.66	54.80	164100
20110419	55.04	55.24	54.28	54.76	198100
20110418	54.98	55.80	54.49	54.74	133000
20110415	55.17	55.58	55.08	55.30	206200
20110414	54.20	55.35	54.20	55.28	251700
20110413	54.96	55.37	54.65	54.87	72000
20110412	53.83	54.80	53.26	54.75	228100
20110411	53.76	54.61	52.47	54.25	233400
20110408	55.42	55.47	54.24	54.81	135700
20110407	55.42	55.54	54.50	55.41	409800
20110406	54.04	55.56	53.98	55.49	954700
20110405	52.15	53.02	51.95	52.88	178900
20110404	51.84	52.06	51.57	51.99	125800
20110401	51.01	51.89	50.95	51.66	276700
20110331	49.76	50.69	49.65	50.63	345800
20110330	49.47	49.81	49.19	49.49	237000
20110329	49.49	49.49	48.89	49.17	241200
20110328	49.01	50.02	49.01	49.21	247700
20110325	49.74	50.40	49.44	49.81	572500
20110324	49.99	50.31	48.72	49.88	411600
20110323	48.92	49.34	48.46	48.83	68100
20110322	49.61	49.92	48.56	48.67	158300
20110321	48.41	49.13	48.12	48.88	81000
20110318	47.06	48.59	47.06	48.37	414900
20110317	46.03	47.15	46.03	47.05	64300
20110316	45.32	46.66	45.32	45.98	285400
20110315	45.78	46.14	45.23	45.55	76900
20110314	47.71	47.71	46.48	46.52	95500
20110311	46.25	48.00	46.24	47.81	58000
20110310	47.58	47.83	47.14	47.48	207500
20110309	48.15	48.45	47.87	48.00	145200
20110308	48.50	48.67	47.98	48.15	68700
20110307	47.51	48.75	47.23	48.22	170600
20110304	47.34	48.20	47.33	47.99	134900
20110303	48.41	49.21	47.57	47.85	203800
20110302	47.61	49.69	46.46	48.82	333300
20110301	45.55	48.35	45.55	46.93	249600
20110228	45.97	46.59	45.75	45.77	185400
20110225	45.11	45.60	44.66	45.50	597600
20110224	45.14	45.24	44.76	45.00	30800
20110223	45.94	46.84	44.77	44.97	86200
20110222	46.26	46.72	45.63	45.69	61100
20110218	46.63	46.75	46.10	46.44	40700
20110217	46.06	46.81	46.05	46.57	62800
20110216	47.03	47.20	45.95	46.32	266200
20110215	47.05	47.37	46.98	47.10	160700
20110214	46.92	47.49	46.78	47.35	638200
20110211	46.06	47.46	46.06	47.00	837900
20110210	45.41	46.26	45.16	46.10	284200
20110209	43.96	45.50	43.70	45.31	687900
20110208	42.24	44.20	41.95	43.88	744300
20110207	42.00	42.02	41.88	41.99	99800
20110204	42.11	42.11	41.86	41.99	151500
20110203	41.59	42.09	41.59	42.00	665000
20110202	41.83	42.00	41.59	41.62	52900
20110201	41.93	42.00	41.62	41.64	101100
20110131	42.24	42.53	40.50	42.00	81400
20110128	42.23	42.23	41.22	42.04	38100
20110127	42.31	42.50	42.12	42.12	19700
20110126	41.27	42.58	40.76	42.26	1024600
20110125	41.24	42.02	41.08	41.66	100900
20110124	41.20	41.54	41.05	41.29	92600
20110121	41.21	41.40	41.08	41.13	154300
20110120	41.50	41.68	41.07	41.10	217200
20110119	41.12	41.86	41.00	41.50	345100
20110118	40.91	41.04	40.59	40.99	36100
20110114	40.05	41.26	40.05	40.93	243900
20110113	40.00	40.24	39.74	40.02	122800
20110112	39.10	40.86	38.76	39.87	472100
20110111	39.30	39.30	38.89	39.04	86800
20110110	38.92	39.27	38.84	39.15	134900
20110107	39.26	39.26	38.39	39.18	101300
20110106	39.59	39.81	39.10	39.22	53400
20110105	38.54	39.70	38.54	39.57	403000
20110104	38.49	39.83	38.35	39.60	336100
20110103	39.08	39.20	38.20	38.46	57100
20101231	38.12	39.00	38.11	38.94	9800
20101230	38.21	38.60	38.00	38.51	10100
20101229	38.23	38.76	37.97	38.50	8900
20101228	38.41	38.50	38.13	38.31	11600
20101227	37.86	38.20	37.86	38.17	5700
20101223	38.50	38.50	38.08	38.11	4000
20101222	38.23	38.52	38.00	38.50	1046700
20101221	38.04	38.48	38.00	38.22	139300
20101220	38.83	39.00	38.01	38.04	40000
20101217	37.73	38.74	37.42	38.67	357400
20101216	37.94	37.94	37.40	37.73	144100
20101215	36.82	38.94	36.82	38.00	268900
20101214	36.78	37.15	36.60	37.01	307000
20101213	36.56	37.40	36.17	36.81	418800
20101210	36.31	36.38	35.61	36.00	619100
20101209	35.96	36.00	35.42	35.70	75800
20101208	35.70	36.00	35.35	35.92	56500
20101207	35.43	36.48	35.38	35.74	848100
20101206	34.80	35.51	34.80	35.44	182900
20101203	33.92	35.14	33.92	35.07	46800
20101202	32.92	34.60	32.83	34.50	290000
20101201	33.96	34.84	33.74	34.38	121700
20101130	34.00	34.26	33.10	33.52	82300
20101129	34.53	34.84	34.09	34.09	81800
20101126	34.81	35.07	34.54	34.90	11500
20101124	34.53	35.24	34.53	34.99	14100
20101123	35.07	35.13	34.68	35.05	93300
20101122	35.42	35.51	35.00	35.31	25000
20101119	36.00	36.00	34.95	35.69	54200
20101118	36.09	36.09	35.66	35.81	48500
20101117	36.00	36.56	35.41	35.79	161300
20101116	35.87	36.00	34.74	35.87	17500
20101115	35.96	36.00	35.78	35.87	22600
20101112	35.95	35.99	35.08	35.83	38800
20101111	36.35	37.17	35.90	36.00	123900
20101110	35.95	36.09	35.40	35.90	232100
20101109	35.88	36.27	35.75	35.80	112000
20101108	35.76	36.00	35.41	35.79	48500
20101105	35.90	36.35	34.59	35.72	63800
20101104	34.00	36.25	33.62	35.75	496100
20101103	31.76	33.99	31.75	33.35	190500
20101102	32.61	32.74	32.20	32.51	57400
20101101	33.35	33.37	32.03	32.55	53000
20101029	32.61	32.61	31.36	32.48	22900
20101028	32.47	32.88	32.16	32.47	4100
20101027	32.51	32.95	32.25	32.46	12200
20101026	32.92	33.30	32.61	32.66	7700
20101025	33.02	33.21	32.31	32.50	28200
20101022	33.00	33.12	32.93	33.12	271100
20101021	33.00	33.09	32.35	32.93	262000
20101020	33.18	33.25	32.87	32.98	156800
20101019	32.75	33.39	32.60	33.09	51200
20101018	33.17	33.17	32.31	32.90	172500
20101015	33.30	33.49	32.71	33.29	1233000
20101014	32.50	33.20	32.38	33.00	438700
20101013	33.00	33.02	32.01	32.50	113000
20101012	32.82	33.24	32.82	32.90	143700
20101011	32.50	33.00	32.50	32.85	63600
20101008	32.50	32.50	32.00	32.00	16200
20101007	32.50	32.50	32.10	32.17	37300
20101006	32.41	32.90	32.41	32.42	13900
20101005	32.97	33.00	32.21	32.90	22500
20101004	33.75	33.75	32.00	32.98	28200
20101001	33.50	33.50	32.40	33.10	47200
20100930	33.01	33.03	32.01	32.50	83300
20100929	33.49	33.50	33.00	33.34	182900
20100928	33.44	33.49	33.44	33.49	200
20100927	33.49	33.50	33.05	33.05	20100
20100924	33.57	34.00	33.00	33.80	6900
20100923	33.03	33.50	33.03	33.30	7100
20100922	34.00	34.00	33.00	33.50	5800
20100921	33.64	34.50	33.00	33.84	20500
20100920	34.50	34.50	34.15	34.50	80200
20100917	34.75	34.75	34.30	34.50	9400
20100916	34.10	34.60	33.46	34.11	35300
20100915	34.06	34.75	34.06	34.75	73000
20100914	38.00	38.00	34.50	35.50	94400
20100913	34.25	35.10	34.25	35.00	153700
20100910	34.20	34.20	34.00	34.00	15400
20100909	34.00	34.20	34.00	34.20	13200
20100908	34.00	34.00	34.00	34.00	000
20100907	34.00	34.00	34.00	34.00	000
20100903	34.00	34.00	34.00	34.00	200
20100902	33.80	33.80	33.80	33.80	200
20100901	34.00	34.50	34.00	34.00	78100
20100831	33.75	33.75	33.75	33.75	000
20100830	33.75	33.75	33.75	33.75	000
20100827	34.00	34.00	33.75	33.75	2300
20100826	34.50	34.50	34.25	34.25	50400
20100825	34.50	34.50	34.50	34.50	300
20100824	34.75	34.75	34.75	34.75	200
20100823	35.05	35.05	35.00	35.00	1200
20100820	35.50	35.50	35.00	35.00	50300
20100819	35.50	35.50	35.10	35.10	4500
20100818	35.05	35.05	35.05	35.05	000
20100817	35.00	35.55	35.00	35.05	166600
20100816	35.75	35.75	35.55	35.55	5400
20100813	36.20	36.20	36.00	36.15	1700
20100812	36.20	36.20	36.20	36.20	000
20100811	36.15	36.26	36.10	36.20	50200
20100810	36.25	36.25	36.20	36.20	138300
20100809	36.15	36.18	36.10	36.15	200200
20100806	36.10	36.25	36.10	36.25	25300
20100805	36.25	36.25	36.25	36.25	35500
20100804	36.25	36.50	36.25	36.50	30100
20100803	36.25	36.25	36.25	36.25	13200
20100802	36.40	36.54	36.40	36.50	380200
20100730	36.50	36.50	36.50	36.50	105600
20100729	35.50	36.75	35.50	36.25	824200
20100728	35.75	35.75	35.50	35.50	300
20100727	35.25	35.50	35.25	35.50	21100
20100726	35.30	35.50	35.00	35.00	16700
20100723	35.70	35.70	35.00	35.00	16000
20100722	35.25	35.45	35.05	35.05	26000
20100721	35.75	35.75	35.25	35.25	8600
20100720	35.75	35.75	35.50	35.50	5800
20100719	35.40	35.85	35.00	35.00	20200
20100716	35.30	35.40	34.50	35.40	7700
20100715	35.60	35.60	35.30	35.45	87100
20100714	36.25	36.50	35.55	35.55	15500
20100713	36.05	36.25	35.95	36.05	101400
20100712	36.25	36.25	36.25	36.25	5000
20100709	36.25	36.25	36.20	36.20	10400
20100708	36.50	36.50	36.00	36.00	2300
20100707	36.50	37.00	36.00	36.50	117400
20100706	35.65	36.50	35.65	36.50	2500
20100702	35.45	35.50	35.45	35.50	10400
20100701	35.50	35.50	35.50	35.50	45200
20100630	35.35	35.35	35.25	35.30	1000
20100629	35.30	35.50	35.15	35.50	2700
20100628	35.25	35.35	35.00	35.35	12300
20100625	35.60	35.60	35.60	35.60	000
20100624	35.60	35.60	35.60	35.60	200
20100623	35.65	35.65	35.65	35.65	1300
20100622	35.30	35.50	35.30	35.50	1900
20100621	35.25	35.25	35.25	35.25	400
20100618	34.75	35.25	34.75	35.25	128800
20100617	34.25	34.95	34.25	34.75	24300
20100616	34.50	34.70	34.50	34.70	1100
20100615	34.10	34.55	34.00	34.50	23200
20100614	34.75	34.75	34.10	34.10	15200
20100611	34.25	34.55	34.25	34.50	20200
20100610	34.52	34.52	34.52	34.52	000
20100609	34.00	34.75	34.00	34.52	405800
20100608	34.00	34.50	33.80	34.50	159700
20100607	34.75	35.00	33.75	33.75	211300
20100604	35.00	35.00	34.75	35.00	2700
20100603	35.00	35.00	35.00	35.00	2200
20100602	35.25	35.30	35.00	35.00	8300
20100601	36.00	36.00	35.88	35.88	43800
20100528	36.00	36.00	36.00	36.00	400
20100527	36.13	36.15	36.00	36.00	145500
20100526	36.00	36.00	36.00	36.00	5000
20100525	36.00	36.50	35.25	36.00	5300
20100524	36.50	36.50	36.25	36.30	72100
20100521	36.80	36.80	36.50	36.75	1900
20100520	38.00	38.00	37.00	37.00	126600
20100519	37.00	38.20	37.00	38.20	5800
20100518	37.00	37.25	37.00	37.25	6000
20100517	37.60	38.00	37.60	38.00	4400
20100514	37.65	37.65	37.50	37.60	900
20100513	38.00	38.00	38.00	38.00	000
20100512	38.00	38.00	38.00	38.00	3200
20100511	37.75	38.00	37.75	38.00	2200
20100510	37.50	38.25	37.50	37.75	41000
20100507	37.80	38.00	37.50	37.85	4000
20100506	39.00	39.00	37.00	38.35	43500
20100505	39.50	39.75	39.00	39.50	83100
20100504	39.50	39.99	39.00	39.75	9700
20100503	38.50	39.50	38.50	39.50	26600
20100430	37.50	38.00	37.25	37.90	130400
20100429	36.50	37.25	36.50	37.25	50400
20100428	36.50	36.50	36.33	36.50	16800
20100427	36.50	36.50	36.50	36.50	1700
20100426	36.27	36.50	36.27	36.50	3700
20100423	36.25	36.25	36.25	36.25	2700
20100422	36.00	36.00	35.95	36.00	16400
20100421	35.51	35.51	35.51	35.51	100
20100420	36.01	36.01	36.01	36.01	000
20100419	36.00	36.05	36.00	36.01	36600
20100416	36.10	36.10	36.10	36.10	900
20100415	35.45	36.00	35.30	36.00	11700
20100414	35.25	35.75	35.25	35.25	35000
20100413	35.00	35.00	35.00	35.00	000
20100412	34.75	35.25	34.75	35.00	190400
20100409	34.55	34.70	34.55	34.70	50500
20100408	34.55	34.55	34.55	34.55	000
20100407	34.55	35.00	34.55	34.55	51800
20100406	35.00	35.00	34.55	34.55	1300
20100405	34.50	35.00	34.50	35.00	45500
20100401	34.50	35.00	34.35	35.00	59600
20100331	34.50	34.50	34.25	34.50	91700
20100330	34.50	34.52	34.45	34.45	44000
20100329	34.50	35.00	34.40	34.50	205600
20100326	35.00	35.00	34.75	34.75	57800
20100325	34.75	35.00	34.50	34.50	91000
20100324	35.00	35.00	35.00	35.00	1400
20100323	34.25	35.25	34.25	35.00	53700
20100322	34.75	34.75	34.25	34.43	6000
20100319	34.50	34.75	34.50	34.75	1300
20100318	34.00	34.75	34.00	34.75	15400
20100317	33.00	34.00	33.00	34.00	115000
20100316	32.25	33.00	32.25	32.75	16500
20100315	33.00	33.50	32.50	33.00	247100
20100312	33.00	33.00	32.50	32.50	207600
20100311	33.00	33.00	32.50	32.50	33100
20100310	32.95	33.00	32.00	33.00	111000
20100309	32.00	32.75	31.98	32.75	134900
20100308	31.50	31.75	31.50	31.75	49100
20100305	31.25	31.75	31.25	31.75	48900
20100304	31.00	31.50	30.75	31.02	17000
20100303	30.50	30.75	30.50	30.75	131800
20100302	30.10	30.40	30.00	30.40	29100
20100301	29.75	30.10	29.75	30.10	24800
20100226	29.25	29.75	29.25	29.75	2700
20100225	29.50	29.70	29.50	29.50	2800
20100224	29.70	29.70	29.70	29.70	000
20100223	29.70	29.70	29.70	29.70	000
20100222	29.10	29.72	29.10	29.70	19700
20100219	29.70	29.70	29.70	29.70	000
20100218	29.10	29.70	29.10	29.70	1700
20100217	29.74	29.74	29.74	29.74	000
20100216	29.74	29.74	29.74	29.74	000
20100212	29.74	29.74	29.74	29.74	100
20100211	29.74	29.74	29.50	29.74	10000
20100210	29.40	29.85	29.40	29.75	107600
20100209	29.10	29.80	29.10	29.80	29700
20100208	30.00	30.00	29.75	29.85	47400
20100205	30.48	30.50	30.00	30.50	1800
20100204	30.00	30.25	30.00	30.25	29400
20100203	30.10	30.10	29.75	29.75	5200
20100202	30.50	30.50	30.50	30.50	600
20100201	30.25	30.50	30.25	30.50	3500
20100129	30.85	30.85	30.50	30.63	30700
20100128	31.00	31.00	30.75	30.75	10400
20100127	30.55	31.00	30.55	30.75	77000
20100126	31.00	31.00	30.75	30.75	300
20100125	31.10	31.25	31.00	31.25	1300
20100122	31.50	31.50	31.50	31.50	200
20100121	31.50	31.60	31.50	31.60	600
20100120	31.50	31.75	31.50	31.75	600
20100119	32.25	32.25	31.75	32.00	19400
20100115	32.50	32.50	32.25	32.25	45500
20100114	32.75	32.75	32.75	32.75	150500
20100113	33.01	33.01	32.50	32.75	226300
20100112	33.50	33.55	33.50	33.50	5100
20100111	33.50	33.50	33.50	33.50	3700
20100108	34.55	34.55	33.50	33.50	32200
20100107	35.25	35.50	35.00	35.00	9800
20100106	35.00	35.00	35.00	35.00	000
20100105	35.00	35.00	35.00	35.00	10000