Date	Open	High	Low	Close	Volume
20130923	48.71	49.36	47.23	47.91	4228100
20130920	52.28	52.35	48.88	49.52	3180100
20130919	51.41	52.78	51.39	52.04	3647900
20130918	55.07	55.19	49.54	50.82	5199600
20130917	55.46	55.73	55.26	55.36	909000
20130916	54.93	55.75	54.51	55.47	858400
20130913	55.23	55.37	54.40	54.50	718600
20130912	55.07	55.41	54.66	54.92	452700
20130911	55.66	55.66	54.95	55.26	620300
20130910	55.56	55.75	55.30	55.46	569500
20130909	52.86	55.84	52.86	55.35	471100
20130906	56.65	56.79	55.15	55.65	548000
20130905	55.29	56.14	55.29	56.09	591800
20130904	54.73	55.61	54.58	55.31	496900
20130903	55.57	56.00	54.29	54.70	697000
20130830	55.20	55.53	54.78	54.91	636600
20130829	54.28	55.71	54.22	55.24	737400
20130828	54.22	54.70	53.78	54.53	514000
20130827	55.05	55.22	54.17	54.40	834000
20130826	56.12	56.19	55.22	55.33	816700
20130823	55.65	56.39	55.46	56.18	758000
20130822	55.23	56.06	55.12	55.64	483100
20130821	54.56	55.78	54.49	55.12	565400
20130820	54.70	55.73	54.70	55.23	831000
20130819	55.16	55.54	54.72	55.00	637800
20130816	55.09	55.49	54.89	55.10	954000
20130815	56.70	56.70	54.63	55.67	1122000
20130814	57.39	57.53	56.84	56.93	527200
20130813	57.26	57.54	56.34	57.54	662400
20130812	57.55	57.90	57.13	57.22	809700
20130809	57.89	58.12	57.43	57.66	855000
20130808	57.98	58.33	57.74	58.24	807800
20130807	58.02	58.30	57.40	57.87	1296400
20130806	57.79	58.73	57.32	58.32	1403900
20130805	57.80	58.21	57.07	58.06	1144800
20130802	57.00	58.56	56.90	58.23	2167500
20130801	55.81	57.47	55.77	57.03	4169800
20130731	52.25	52.94	52.03	52.80	2274600
20130730	51.66	52.36	51.57	51.60	1065200
20130729	51.61	52.28	51.20	51.24	1066100
20130726	51.86	52.11	51.29	51.75	786600
20130725	51.65	52.39	51.25	52.23	1125600
20130724	51.61	52.42	51.14	51.34	1312000
20130723	51.16	51.53	50.93	51.04	1438400
20130722	50.84	51.27	50.15	51.06	1436800
20130719	50.89	51.10	50.14	50.61	1466200
20130718	49.37	50.83	49.37	50.80	1513200
20130717	49.29	49.95	48.96	49.33	1015800
20130716	49.60	50.06	49.16	49.39	1203500
20130715	50.10	50.17	49.52	49.81	1797800
20130712	49.01	49.38	48.84	49.24	1705100
20130711	48.27	49.02	47.83	48.75	2517100
20130710	47.91	47.96	46.87	47.31	2205100
20130709	49.43	49.43	47.76	47.87	1932300
20130708	47.68	48.70	47.39	48.67	1895400
20130705	47.88	48.01	47.17	47.38	766900
20130703	47.95	48.11	47.28	47.31	1064300
20130702	47.84	48.59	47.51	48.01	2501200
20130701	49.17	49.57	46.65	47.70	3666100
20130628	49.72	49.72	48.50	48.76	3491100
20130627	50.49	50.77	49.49	49.64	1359500
20130626	49.92	50.30	49.54	49.96	1930200
20130625	49.53	49.75	48.81	49.38	1608900
20130624	49.67	49.71	48.31	49.05	3077200
20130621	50.57	50.85	49.45	49.98	3607500
20130620	51.90	51.90	50.07	50.40	2284800
20130619	52.80	53.48	52.28	52.33	1994200
20130618	53.53	53.66	52.47	52.84	1628700
20130617	53.70	54.11	53.36	53.53	1371900
20130614	54.91	54.95	53.63	53.66	1084100
20130613	53.73	55.14	53.39	54.91	2489600
20130612	54.24	54.36	53.00	53.85	2933600
20130611	55.31	56.10	53.50	53.99	8570600
20130610	49.86	50.50	48.10	48.66	1585700
20130607	48.40	50.54	48.27	50.29	1250500
20130606	47.99	48.46	47.26	48.34	992100
20130605	48.61	48.61	47.74	47.97	1311200
20130604	47.98	48.90	47.84	48.26	1655500
20130603	49.86	50.06	47.72	48.10	2149100
20130531	48.06	49.22	47.85	49.22	4309600
20130530	47.69	48.65	47.12	48.37	1678200
20130529	47.73	47.73	46.93	47.55	1120000
20130528	48.51	48.83	47.65	47.87	1677100
20130524	47.75	48.12	47.32	47.92	1680400
20130523	48.17	48.41	47.51	48.06	2023400
20130522	50.30	50.30	46.29	48.57	6882100
20130521	50.76	50.94	50.01	50.38	1802200
20130520	51.02	51.29	49.85	49.91	1459000
20130517	52.26	52.64	50.21	50.98	2365100
20130516	53.20	53.53	52.36	52.38	975200
20130515	52.66	53.61	52.66	53.24	1564200
20130514	51.05	52.71	51.05	52.68	1430800
20130513	51.75	51.92	50.92	51.22	829100
20130510	51.32	51.82	51.24	51.67	968100
20130509	52.61	52.73	51.15	51.31	1562600
20130508	52.24	52.73	51.86	52.43	1043100
20130507	52.46	52.46	51.77	52.18	1045100
20130506	52.63	53.13	52.43	52.59	1158800
20130503	53.51	53.72	52.38	52.40	1766400
20130502	53.83	54.83	50.88	52.98	4559500
20130501	57.90	57.90	56.64	57.01	997800
20130430	56.66	58.18	56.11	57.73	1619100
20130429	56.50	57.11	56.24	56.61	693200
20130426	56.91	57.35	56.64	56.65	1239300
20130425	55.35	57.35	55.18	57.16	1687400
20130424	54.58	55.62	54.32	55.30	842000
20130423	53.94	54.49	53.72	54.42	1098400
20130422	55.28	55.28	53.40	53.69	1068200
20130419	54.55	55.63	53.98	55.10	1268500
20130418	54.15	54.39	53.58	54.32	973500
20130417	53.95	54.40	53.58	54.06	1062800
20130416	54.01	54.91	53.10	54.48	1077100
20130415	54.12	54.81	53.60	53.69	1272000
20130412	55.94	55.97	54.24	54.44	1056800
20130411	54.71	56.03	54.69	55.97	1373400
20130410	54.00	55.36	54.00	54.80	868700
20130409	53.33	53.98	53.07	53.71	1049500
20130408	52.89	53.24	52.40	53.23	961500
20130405	52.73	52.89	52.30	52.85	1053000
20130404	53.33	53.64	52.58	53.24	785400
20130403	54.37	54.59	52.70	53.16	2148400
20130402	53.41	54.75	53.41	54.38	1365700
20130401	52.78	53.41	52.59	53.28	1422500
20130328	52.63	53.12	52.37	53.03	1083500
20130327	52.62	52.94	52.23	52.66	872500
20130326	52.15	53.13	52.15	52.80	1260300
20130325	52.40	52.89	51.56	51.97	776200
20130322	51.91	53.03	51.70	52.27	1332200
20130321	52.06	52.34	51.54	51.85	1336800
20130320	51.06	52.34	50.63	52.22	2044500
20130319	51.70	51.87	50.54	50.71	1991100
20130318	51.64	52.34	50.64	51.69	2104300
20130315	52.92	53.10	51.90	51.94	2523300
20130314	53.56	53.66	52.59	53.00	2008600
20130313	54.18	54.19	53.24	53.54	1259700
20130312	54.90	55.05	53.23	53.90	2028100
20130311	55.21	55.50	54.72	55.00	1202000
20130308	56.68	56.68	55.17	55.36	2122700
20130307	56.41	56.81	55.98	56.21	1684000
20130306	57.00	57.40	55.96	56.25	1537000
20130305	56.05	57.35	55.78	56.95	1645600
20130304	54.87	56.01	54.56	55.96	1329200
20130301	53.44	55.04	52.97	54.89	1841700
20130228	54.75	54.75	51.36	53.75	4092000
20130227	54.46	55.78	54.11	55.54	1293800
20130226	54.94	55.06	54.07	54.49	1360200
20130225	54.79	56.15	54.79	54.95	1770900
20130222	54.32	54.85	53.96	54.65	1185400
20130221	54.68	54.84	53.96	54.25	1694500
20130220	53.93	55.54	53.93	54.83	5087000
20130219	53.77	54.33	53.47	54.00	1424800
20130215	53.10	54.04	52.71	53.65	1478100
20130214	53.24	53.29	52.69	53.10	1234700
20130213	53.72	54.52	53.49	53.59	1787000
20130212	51.70	52.52	51.42	52.17	1214000
20130211	51.75	51.75	51.10	51.51	1241900
20130208	53.00	53.90	49.89	51.48	5012500
20130207	52.95	53.50	52.80	53.22	823900
20130206	53.40	53.69	52.82	53.22	732000
20130205	52.95	53.68	52.85	53.64	732600
20130204	53.38	53.95	52.81	52.95	677800
20130201	52.35	53.77	52.30	53.50	1053700
20130131	52.15	52.18	51.30	51.89	1667700
20130130	52.46	52.91	52.27	52.71	1026900
20130129	52.00	52.62	51.75	52.46	566000
20130128	53.17	53.44	52.08	52.13	802900
20130125	53.15	53.30	52.49	53.23	954400
20130124	52.21	53.58	52.12	53.12	957000
20130123	52.04	52.22	51.42	52.03	1187900
20130122	52.28	52.66	51.47	51.97	1342400
20130118	52.14	52.46	51.75	52.07	901700
20130117	51.82	52.60	51.57	52.53	1182600
20130116	52.06	52.22	51.21	51.27	1205600
20130115	51.95	52.50	51.76	52.09	751600
20130114	51.28	52.43	51.28	52.14	883300
20130111	51.75	51.84	50.36	51.40	2243100
20130110	52.65	53.16	52.45	52.62	1181300
20130109	52.03	53.07	52.03	52.24	1624400
20130108	51.99	52.92	51.70	51.95	1911900
20130107	49.85	52.05	49.68	51.77	1877300
20130104	49.40	50.27	48.79	50.07	1533500
20130103	48.17	49.30	48.09	49.26	1321000
20130102	48.00	49.23	47.91	48.50	1470100
20121231	46.55	47.46	46.29	47.10	1092700
20121228	46.64	47.60	46.03	46.65	854600
20121227	47.43	47.68	45.95	46.70	1436700
20121226	48.39	48.63	47.39	47.50	594700
20121224	48.05	48.51	48.00	48.36	320900
20121221	48.39	48.70	48.17	48.49	6339600
20121220	49.73	50.00	48.90	49.14	1458400
20121219	49.84	49.85	49.13	49.58	1293900
20121218	50.26	51.11	50.15	50.25	1479800
20121217	49.33	50.27	48.35	50.09	1574700
20121214	49.20	49.43	48.51	49.20	1481800
20121213	49.38	49.60	49.01	49.16	1003300
20121212	49.60	49.93	49.28	49.52	1149200
20121211	49.57	49.66	47.96	49.37	1638600
20121210	49.20	49.89	49.00	49.64	861000
20121207	48.80	49.92	48.33	49.23	1085100
20121206	48.12	49.25	48.06	48.77	755900
20121205	48.23	48.59	47.83	48.10	871700
20121204	47.94	48.35	47.79	48.18	868000
20121203	48.64	48.92	47.70	48.06	1095000
20121130	47.49	49.08	47.25	48.69	1525200
20121129	46.51	47.72	46.29	47.41	1233100
20121128	46.83	47.00	45.81	46.20	1295000
20121127	47.28	47.48	46.33	47.15	1419200
20121126	49.22	49.28	47.36	47.40	915300
20121123	48.89	49.25	48.38	49.23	348000
20121121	48.42	49.42	48.30	48.66	408600
20121120	48.69	48.92	47.66	48.74	669300
20121119	48.04	48.68	47.97	48.64	703300
20121116	46.95	47.78	46.86	47.48	1189300
20121115	45.89	47.01	45.43	46.95	1742400
20121114	49.50	49.80	45.76	46.07	2553800
20121113	48.77	49.96	48.41	49.57	1407300
20121112	49.36	50.01	48.59	49.00	988400
20121109	47.69	48.58	47.25	48.02	771800
20121108	47.47	48.30	47.21	47.50	763300
20121107	48.35	48.49	46.96	47.61	1203800
20121106	48.20	49.18	47.65	48.36	2232900
20121105	49.28	50.25	48.91	49.65	843700
20121102	52.00	53.13	49.31	49.66	1834300
20121101	48.57	51.45	46.69	51.20	2854800
20121031	47.62	48.26	46.18	47.16	1439000
20121026	48.76	49.41	47.62	47.67	694800
20121025	48.18	49.63	47.91	49.01	677500
20121024	48.46	48.90	47.22	47.44	862300
20121023	47.53	48.65	47.11	48.56	650300
20121022	48.52	48.88	47.65	48.58	632000
20121019	50.00	50.29	47.97	48.42	1136800
20121018	50.57	50.68	49.75	50.43	670700
20121017	51.50	51.80	50.55	50.62	584600
20121016	50.44	51.83	50.15	51.79	626600
20121015	50.24	50.53	49.76	50.11	749200
20121012	50.48	50.72	49.98	50.18	433800
20121011	50.17	50.85	50.03	50.70	815400
20121010	49.56	49.97	49.32	49.90	733400
20121009	50.78	51.29	49.38	49.76	625300
20121008	51.69	51.92	50.42	50.97	674600
20121005	52.16	52.28	51.04	51.36	1027400
20121004	51.11	52.04	51.04	51.55	1781800
20121003	49.71	51.32	49.08	51.09	1815600
20121002	49.93	50.26	48.57	49.49	1166600
20121001	98.63	100.84	98.16	99.12	2477800
20120928	97.84	98.01	96.55	97.97	2051600
20120927	98.44	98.54	97.09	97.87	1172600
20120926	98.63	98.92	96.66	97.71	1848800
20120925	97.00	100.00	96.36	98.79	2902800
20120924	95.68	97.31	95.00	97.08	1685800
20120921	95.98	96.76	95.51	95.62	1907800
20120920	94.98	95.97	94.47	95.36	1070400
20120919	95.65	96.17	94.44	95.28	1679400
20120918	95.23	96.26	95.18	96.18	1037400
20120917	94.94	96.79	94.50	96.19	1018400
20120914	95.28	96.86	94.66	94.97	1413600
20120913	92.90	97.38	92.51	95.94	2342000
20120912	92.93	93.23	92.46	93.03	1269600
20120911	93.75	96.44	92.54	92.79	3172600
20120910	91.33	93.25	91.33	91.95	1578400
20120907	91.05	93.25	90.91	92.27	1950200
20120906	87.88	91.81	87.88	91.27	1472400
20120905	87.93	88.15	87.04	87.31	1053200
20120904	86.86	88.41	85.78	88.23	1177200
20120831	85.70	87.25	85.70	87.15	1231200
20120830	86.74	86.81	85.08	85.73	1270200
20120829	88.73	88.74	87.13	87.17	1368800
20120828	88.85	89.62	87.66	88.48	2106400
20120827	92.21	92.29	87.56	88.99	3985800
20120824	90.29	92.49	89.45	92.07	1585800
20120823	86.97	91.35	85.52	90.70	1566400
20120822	87.26	87.84	85.86	87.40	959000
20120821	87.69	88.31	86.85	87.21	658200
20120820	89.57	90.69	86.72	87.58	901400
20120817	88.49	90.04	88.48	89.14	824400
20120816	88.43	89.50	88.00	88.45	697600
20120815	88.82	88.82	87.71	88.17	705400
20120814	88.88	89.37	87.66	88.62	862000
20120813	89.50	90.39	85.50	88.33	1779600
20120810	91.97	92.40	89.19	90.66	1673800
20120809	92.14	92.80	90.85	92.80	819200
20120808	91.27	92.50	90.19	92.14	1110000
20120807	91.37	92.36	90.85	91.30	1415400
20120806	90.81	91.39	88.75	90.18	1350000
20120803	90.16	92.00	89.69	90.37	1521800
20120802	88.35	89.97	87.47	88.99	2022000
20120801	85.53	92.00	84.93	88.53	3938000
20120731	86.16	87.11	84.17	84.51	2197600
20120730	86.47	87.35	85.25	87.15	2512800
20120727	84.88	87.20	83.53	86.51	2620200
20120726	84.83	87.12	84.53	84.68	1628400
20120725	84.22	85.52	83.34	84.28	1817600
20120724	85.74	86.94	83.93	84.29	1935400
20120723	88.45	88.47	84.13	85.80	2833000
20120720	89.15	90.43	89.15	89.88	1213400
20120719	91.80	91.80	87.89	90.32	2278200
20120718	91.10	92.14	90.56	91.84	1096200
20120717	92.51	93.98	90.49	91.09	2133000
20120716	94.27	94.72	92.07	93.06	1224600
20120713	92.84	95.18	92.84	94.87	1347200
20120712	93.32	94.19	92.68	93.03	1451200
20120711	93.00	94.97	92.94	94.97	1117400
20120710	94.83	96.81	92.72	93.02	2883400
20120709	95.04	98.55	93.62	94.98	3255200
20120706	96.72	97.00	94.31	95.41	2859600
20120705	101.68	101.68	96.05	96.37	14127200
20120703	97.84	101.40	95.70	96.86	6383200
20120702	102.10	104.79	96.94	96.98	4386200
20120629	97.04	99.88	96.56	99.21	2492400
20120628	94.75	96.06	93.23	94.85	1894600
20120627	94.88	97.38	94.88	95.71	1119800
20120626	93.01	95.21	92.54	94.88	1133800
20120625	93.85	94.39	91.50	92.69	1358000
20120622	95.00	96.02	92.19	95.51	2503000
20120621	98.00	98.93	92.18	93.28	2326400
20120620	98.45	98.96	96.00	97.66	2107200
20120619	99.58	103.97	98.07	98.55	4411800
20120618	94.41	99.51	93.95	98.56	2858000
20120615	94.65	95.47	92.71	94.73	1738800
20120614	92.04	96.20	92.04	94.71	2226200
20120613	92.52	92.52	90.55	92.17	1432400
20120612	91.00	92.57	89.88	92.51	872800
20120611	95.00	95.00	90.40	90.65	1389800
20120608	92.31	94.00	92.24	93.84	685000
20120607	93.95	94.85	92.82	92.88	1459800
20120606	90.46	93.86	90.30	93.50	1934000
20120605	87.97	89.91	86.68	89.82	1244400
20120604	88.54	89.51	86.32	87.88	1380200
20120601	90.50	90.90	87.21	88.56	2349600
20120531	89.39	89.92	87.27	89.71	4378400
20120530	90.50	90.94	88.53	88.74	2457000
20120529	92.00	93.00	90.63	91.34	1166800
20120525	89.93	91.39	89.29	91.34	1248200
20120524	90.45	91.32	88.66	89.83	1158600
20120523	89.95	90.61	87.98	90.44	938000
20120522	90.22	94.70	89.47	90.14	2198800
20120521	88.82	90.40	86.71	90.22	1512000
20120518	90.95	91.39	88.57	88.88	2315200
20120517	91.50	92.10	90.52	90.85	1318000
20120516	91.52	92.54	90.96	91.50	1951800
20120515	91.11	92.59	90.48	91.13	1349000
20120514	92.20	92.75	89.97	91.45	1870400
20120511	91.78	94.77	91.49	93.20	6265800
20120510	90.26	91.27	88.74	90.60	1400000
20120509	88.96	91.82	88.96	90.77	1270200
20120508	89.29	91.31	88.09	90.73	1742200
20120507	90.58	92.29	89.00	89.24	2281600
20120504	91.31	92.84	90.62	91.50	1955800
20120503	96.02	96.34	90.69	91.39	2582600
20120502	90.71	96.49	90.60	95.84	3057400
20120501	90.73	91.79	89.91	91.22	1080000
20120430	91.80	91.92	90.43	90.58	1474000
20120427	91.97	92.45	90.88	91.71	1989600
20120426	92.89	93.18	91.60	91.67	2591000
20120425	92.78	94.32	91.85	92.81	1462800
20120424	92.99	93.22	91.38	91.64	2299800
20120423	95.00	95.00	92.46	93.06	2899200
20120420	97.44	100.50	95.33	95.81	5839600
20120419	88.99	97.59	87.10	97.00	10676600
20120418	87.61	89.58	84.86	89.36	26917600
20120417	79.49	81.67	78.56	80.27	825400
20120416	78.87	79.88	77.52	78.45	669000
20120413	77.60	78.76	76.65	78.53	347000
20120412	76.99	77.85	76.99	77.69	765400
20120411	75.86	77.50	75.74	76.98	324600
20120410	77.76	78.37	75.72	75.86	793200
20120409	77.25	78.85	76.63	77.86	728600
20120405	76.75	78.65	76.72	78.30	602800
20120404	78.36	79.24	76.60	76.99	1214000
20120403	74.46	79.26	73.75	78.87	2422000
20120402	75.24	75.24	72.82	74.10	1348800
20120330	74.69	75.39	74.56	74.96	833800
20120329	71.98	74.38	71.96	74.16	762800
20120328	72.51	72.74	71.73	72.45	574400
20120327	72.86	72.86	71.97	72.32	1044200
20120326	73.09	73.96	72.32	72.38	688800
20120323	72.26	72.46	71.45	72.21	224800
20120322	71.64	72.35	71.31	72.23	408200
20120321	72.08	73.00	71.41	71.91	839000
20120320	72.00	72.20	71.40	71.59	516400
20120319	72.00	72.99	71.63	72.29	611600
20120316	72.37	72.53	71.30	72.00	783000
20120315	73.61	74.49	72.76	73.14	746800
20120314	72.57	73.08	71.38	73.08	760400
20120313	72.78	74.05	72.19	72.85	639400
20120312	72.09	73.00	71.49	72.52	859400
20120309	76.42	76.42	72.32	72.82	1328000
20120308	73.75	74.37	72.31	72.54	751200
20120307	70.71	73.34	70.06	73.24	645600
20120306	70.94	71.42	69.65	70.50	661800
20120305	71.15	71.82	70.81	71.73	888800
20120302	72.00	72.15	71.43	71.70	884400
20120301	70.96	72.73	70.54	72.15	1015400
20120229	71.17	71.82	70.61	70.80	952000
20120228	71.45	71.89	71.12	71.17	672200
20120227	70.18	72.34	70.09	71.27	1036200
20120224	68.61	71.25	67.38	70.99	1415600
20120223	65.26	68.74	65.24	67.36	2221600
20120222	62.00	64.24	62.00	63.53	1605600
20120221	60.35	61.94	60.35	61.80	852400
20120217	61.10	61.37	60.26	60.35	413000
20120216	61.19	61.60	60.88	61.20	619600
20120215	61.72	62.45	61.10	61.43	540400
20120214	61.51	62.82	61.17	61.91	764800
20120213	61.81	62.49	61.20	61.37	522000
20120210	61.55	61.96	61.25	61.50	676600
20120209	62.71	63.06	61.60	61.92	607600
20120208	60.61	63.05	59.73	62.61	932000
20120207	60.99	61.53	59.95	60.30	1173400
20120206	63.62	63.67	60.73	61.12	1622600
20120203	63.59	63.89	62.85	63.85	633600
20120202	64.32	64.94	62.84	63.38	475000
20120201	63.69	65.13	63.35	64.45	436200
20120131	62.97	63.77	62.71	63.06	488000
20120130	61.74	62.78	61.27	62.60	366800
20120127	62.61	63.10	62.12	62.13	336800
20120126	63.49	63.91	62.24	62.85	497800
20120125	63.25	63.46	61.99	63.45	976600
20120124	62.47	62.95	62.10	62.64	320800
20120123	62.97	64.08	62.33	62.38	694000
20120120	62.69	63.37	62.38	62.89	555400
20120119	63.75	65.95	62.75	62.85	708400
20120118	61.60	63.79	61.27	63.15	1065400
20120117	61.94	63.48	61.00	61.26	1130400
20120113	62.79	62.87	62.01	62.64	1161200
20120112	64.66	64.87	62.80	62.90	1047200
20120111	62.85	64.75	61.40	64.65	1322800
20120110	59.09	63.04	58.75	62.80	1623200
20120109	58.80	58.95	58.23	58.44	324800
20120106	59.07	60.00	58.28	58.75	559200
20120105	57.69	59.20	57.38	59.15	364000
20120104	57.43	58.71	57.00	57.84	388400
20120103	57.30	57.78	56.81	57.56	356600
20111230	56.60	57.33	56.26	56.48	253600
20111229	56.05	56.76	55.89	56.67	291400
20111228	57.88	58.01	55.89	56.20	425200
20111227	56.55	58.04	56.46	57.79	333000
20111223	56.94	57.68	56.25	56.43	420600
20111222	57.51	57.80	56.29	57.05	515200
20111221	57.81	58.03	56.52	57.48	493400
20111220	57.48	58.62	56.71	58.05	435400
20111219	56.91	56.93	55.52	56.37	586600
20111216	55.01	56.78	54.84	56.51	531800
20111215	55.39	55.40	54.00	54.50	822800
20111214	56.54	56.54	54.91	55.27	602000
20111213	56.67	57.53	56.17	56.50	617400
20111212	57.60	57.60	56.03	56.58	331400
20111209	56.55	57.93	56.11	57.69	480000
20111208	56.51	57.26	56.23	56.46	482000
20111207	55.74	57.39	54.72	56.83	964000
20111206	56.58	57.07	55.63	55.70	883800
20111205	58.47	58.47	56.55	56.80	992800
20111202	60.00	60.00	56.78	56.92	979000
20111201	58.71	59.93	57.36	59.32	779400
20111130	57.69	58.83	55.38	58.82	824800
20111129	56.24	56.77	56.00	56.38	633400
20111128	54.99	56.90	54.44	56.13	619600
20111125	53.53	54.38	53.10	54.31	478200
20111123	55.02	55.30	53.63	54.15	1183800
20111122	55.12	55.44	54.35	55.10	809000
20111121	51.06	55.00	50.98	54.86	1672800
20111118	53.47	54.31	52.40	53.16	1097600
20111117	52.49	54.16	52.00	52.74	2899200
20111116	51.42	51.77	49.33	49.56	831400
20111115	49.51	52.11	49.10	51.71	794600
20111114	50.80	51.54	49.46	49.67	784800
20111111	49.90	51.42	49.61	50.63	751400
20111110	49.25	50.62	49.11	49.62	956800
20111109	49.23	49.74	48.54	48.77	1219400
20111108	49.86	50.45	49.18	50.41	752000
20111107	48.99	49.62	48.01	49.44	817200
20111104	47.00	49.56	46.66	48.63	1540400
20111103	46.95	48.65	45.70	47.53	2747600
20111102	46.90	46.96	43.99	44.49	1923800
20111101	45.15	46.63	43.73	45.98	1792200
20111031	45.91	47.22	45.72	46.82	1192600
20111028	46.64	47.23	46.10	46.54	782000
20111027	44.77	47.01	44.77	46.71	1734000
20111026	43.00	44.29	42.00	44.11	2625000
20111025	43.64	44.67	41.86	42.24	3460800
20111024	42.41	47.62	40.36	43.37	14672400
20111021	55.73	56.79	55.16	56.42	680600
20111020	55.21	55.57	54.29	55.09	389800
20111019	56.19	56.36	55.16	55.47	612400
20111018	55.50	56.17	54.37	56.03	683800
20111017	56.29	56.79	55.92	56.04	724600
20111014	57.99	58.08	56.57	56.70	590400
20111013	57.96	58.72	57.12	57.46	456200
20111012	57.94	59.96	57.94	58.39	598400
20111011	55.91	57.87	55.91	57.51	428200
20111010	55.98	56.89	55.62	56.62	229600
20111007	55.76	56.91	54.26	55.08	876200
20111006	51.51	55.81	51.51	55.67	1962600
20111005	48.71	51.56	48.60	51.19	1597600
20111004	50.72	51.60	47.07	48.30	2106400
20111003	55.86	56.31	51.20	51.79	860200
20110930	57.35	57.49	55.60	55.70	685400
20110929	58.28	58.89	56.51	57.80	755800
20110928	57.52	59.85	56.90	57.39	870600
20110927	57.31	58.97	57.21	57.50	534000
20110926	55.08	56.12	53.72	55.97	472400
20110923	55.51	55.93	54.49	55.00	540000
20110922	55.12	56.49	54.50	55.48	737600
20110921	57.64	59.00	57.01	57.14	732200
20110920	57.27	58.94	57.27	57.54	588600
20110919	56.81	57.92	56.23	57.27	678600
20110916	57.00	58.33	56.68	57.66	960600
20110915	58.00	58.44	55.46	57.07	689200
20110914	53.95	57.78	53.20	57.25	980000
20110913	52.43	53.88	51.77	53.79	493200
20110912	50.81	52.78	50.31	52.63	492600
20110909	53.09	54.81	51.40	51.41	1462000
20110908	52.98	54.11	52.00	53.16	755000
20110907	52.96	53.58	51.76	53.18	729600
20110906	50.32	52.49	50.18	52.34	719200
20110902	52.13	53.55	51.41	52.40	542000
20110901	55.00	55.21	53.50	53.58	346000
20110831	53.92	56.46	53.73	54.69	610400
20110830	52.72	53.76	52.26	53.34	267200
20110829	52.01	52.93	51.30	52.92	551800
20110826	50.00	51.29	49.72	51.23	621400
20110825	51.75	51.80	50.09	50.71	268200
20110824	51.01	52.02	50.37	51.55	451200
20110823	49.60	51.12	49.06	50.93	443400
20110822	49.92	50.45	48.92	49.38	453400
20110819	48.39	50.31	48.01	48.78	619400
20110818	52.14	52.48	48.35	49.23	1384600
20110817	54.28	55.06	52.23	52.69	791600
20110816	54.16	54.44	53.00	54.24	486200
20110815	54.11	55.07	53.86	54.91	497800
20110812	52.95	54.03	51.97	53.55	883400
20110811	49.36	53.73	48.45	52.54	1276200
20110810	47.68	50.20	47.68	48.97	1566200
20110809	46.48	48.87	45.52	48.50	2258800
20110808	47.62	49.29	45.31	45.43	1506600
20110805	55.27	55.88	50.33	50.35	2245000
20110804	57.00	58.90	52.24	54.63	3973600
20110803	59.48	60.02	57.40	59.92	1312200
20110802	61.54	63.01	59.14	59.19	1055200
20110801	62.33	64.67	60.93	61.04	551200
20110729	60.99	63.41	60.54	63.13	522400
20110728	62.26	63.19	61.38	61.46	461600
20110727	63.09	63.25	62.01	62.26	501600
20110726	64.81	65.25	63.43	63.52	468400
20110725	64.56	65.15	63.98	64.81	514400
20110722	64.88	65.35	63.94	64.65	669400
20110721	63.03	66.40	62.50	64.52	2279600
20110720	61.92	61.92	60.81	61.57	455400
20110719	61.62	62.17	61.60	61.80	288000
20110718	61.42	61.51	60.74	61.14	290400
20110715	62.51	62.54	61.06	61.68	358600
20110714	62.01	62.80	61.72	62.10	368200
20110713	62.15	62.98	61.86	61.94	398800
20110712	61.02	62.23	60.49	61.82	380400
20110711	62.47	62.87	61.20	61.33	411800
20110708	63.00	63.25	62.42	62.99	438800
20110707	63.94	64.45	63.52	63.62	791600
20110706	63.59	64.51	63.17	63.67	1165000
20110705	61.77	64.73	61.54	63.62	803200
20110701	59.03	63.36	58.40	63.12	1050200
20110630	57.71	59.36	57.58	58.92	730400
20110629	55.85	57.92	55.85	57.61	516000
20110628	56.17	57.13	56.08	56.46	565800
20110627	55.22	56.12	54.88	55.67	392800
20110624	55.66	56.11	54.85	55.32	568800
20110623	55.49	55.95	54.22	55.59	956800
20110622	55.50	56.05	55.22	55.36	448000
20110621	55.83	57.01	55.54	55.58	795800
20110620	55.28	55.80	54.57	55.52	222600
20110617	56.05	56.83	55.15	55.29	531200
20110616	56.29	56.56	54.62	55.74	715200
20110615	56.97	57.78	56.31	56.35	553400
20110614	55.52	57.61	55.39	57.36	822400
20110613	55.31	55.86	54.89	55.16	888200
20110610	55.66	56.16	55.05	55.11	977800
20110609	55.60	56.56	55.49	55.97	555400
20110608	56.34	56.72	55.44	55.67	518600
20110607	56.75	57.85	56.49	56.79	323200
20110606	57.77	57.97	56.29	56.48	507200
20110603	58.77	59.00	57.86	58.05	358600
20110602	59.44	60.44	58.43	59.12	607800
20110601	58.90	60.80	58.90	59.31	937200
20110531	60.56	60.56	58.35	58.94	655600
20110527	58.85	59.48	57.77	58.55	694800
20110526	57.26	58.93	56.80	58.81	491000
20110525	57.50	58.55	56.32	57.25	1177400
20110524	58.99	59.81	57.59	57.67	562000
20110523	59.76	60.13	58.07	58.55	452800
20110520	59.70	60.88	58.94	60.49	510200
20110519	59.40	60.07	59.30	59.70	1337000
20110518	58.80	59.32	58.00	58.88	684200
20110517	58.80	60.72	58.77	58.97	485000
20110516	59.92	60.38	58.72	59.44	820800
20110513	59.42	61.11	59.16	60.38	809200
20110512	60.00	60.72	59.31	59.34	778000
20110511	61.85	62.00	59.76	60.02	640000
20110510	60.16	62.00	60.10	61.74	1007800
20110509	58.53	60.16	58.01	59.98	789600
20110506	57.81	59.07	57.75	58.53	1039800
20110505	55.13	59.83	55.11	57.94	1841400
20110504	55.21	55.83	54.55	55.21	558000
20110503	56.31	56.81	55.14	55.54	411800
20110502	55.19	57.06	55.16	56.40	759800
20110429	54.72	55.44	54.53	55.16	798000
20110428	55.65	56.76	54.75	54.82	742600
20110427	55.78	55.96	55.20	55.71	446400
20110426	56.09	57.61	55.53	55.71	790800
20110425	56.03	57.17	55.94	56.84	397800
20110421	56.58	57.01	55.92	56.03	459000
20110420	58.18	58.37	56.35	56.57	682800
20110419	57.62	57.65	56.19	57.35	477800
20110418	55.89	57.65	55.54	57.06	739400
20110415	55.27	57.00	54.94	56.36	731800
20110414	53.66	55.90	53.66	55.44	516800
20110413	53.38	54.31	53.10	53.95	657000
20110412	54.04	54.36	52.53	52.97	1103600
20110411	53.81	54.64	53.24	54.06	438800
20110408	53.93	54.44	53.11	53.89	363800
20110407	53.42	54.01	53.08	53.86	877400
20110406	54.94	55.15	53.54	53.54	410000
20110405	54.79	54.95	54.27	54.82	286600
20110404	54.45	55.04	54.41	54.55	425200
20110401	55.14	55.49	53.88	54.45	522800
20110331	54.61	54.92	54.11	54.80	408400
20110330	54.32	55.00	54.23	54.58	346800
20110329	53.40	54.14	53.16	54.08	377400
20110328	54.00	54.27	52.94	53.33	618200
20110325	52.50	54.60	52.34	54.00	986200
20110324	51.81	52.54	51.48	52.54	501200
20110323	50.99	52.07	50.68	51.66	637400
20110322	49.89	51.06	49.89	50.96	598600
20110321	48.84	50.07	48.84	49.88	279000
20110318	49.50	49.65	48.12	48.37	684600
20110317	50.09	50.29	49.03	49.34	440800
20110316	49.48	50.53	49.46	49.63	832800
20110315	48.69	50.58	48.27	50.36	449000
20110314	50.69	51.00	49.50	50.23	275400
20110311	49.81	52.16	49.33	51.08	857400
20110310	49.52	50.52	48.67	50.46	781400
20110309	46.90	50.59	46.06	50.23	3023200
20110308	49.70	49.86	49.49	49.74	463000
20110307	48.60	50.52	48.38	49.89	1289800
20110304	51.09	52.07	51.02	51.95	391400
20110303	49.69	51.25	49.57	51.15	349200
20110302	49.35	49.80	48.67	49.35	555600
20110301	49.43	49.83	48.67	49.54	271400
20110228	49.20	49.62	49.09	49.35	267600
20110225	49.59	49.90	48.47	49.20	500200
20110224	46.17	49.84	44.14	49.19	2403600
20110223	49.08	49.38	46.38	46.51	958200
20110222	49.46	50.46	48.68	49.30	658400
20110218	50.75	50.94	49.55	49.63	377200
20110217	51.58	51.84	50.38	50.47	552800
20110216	52.03	52.48	51.58	51.69	421000
20110215	52.03	52.78	51.44	51.79	523600
20110214	50.94	52.12	50.89	52.09	732800
20110211	51.04	51.34	50.54	51.07	335000
20110210	48.89	51.47	48.76	51.21	724800
20110209	48.42	49.21	48.32	48.92	267200
20110208	48.71	48.79	48.12	48.60	201000
20110207	48.76	49.02	48.54	48.67	149400
20110204	48.00	48.56	47.96	48.42	202400
20110203	48.49	48.74	47.75	48.08	295600
20110202	48.48	49.16	48.48	48.58	297600
20110201	48.32	49.42	48.06	48.62	526400
20110131	46.84	48.27	46.71	48.11	464000
20110128	48.76	48.92	46.72	46.79	420800
20110127	47.19	48.93	46.82	48.54	983600
20110126	45.65	46.71	45.48	46.62	583200
20110125	45.69	46.02	45.51	45.64	385600
20110124	45.00	46.20	44.50	45.83	673000
20110121	45.33	45.76	44.96	44.97	588800
20110120	44.11	45.28	44.08	45.07	1011200
20110119	44.12	44.44	43.72	44.33	468400
20110118	44.01	44.27	43.47	44.16	803200
20110114	42.72	44.07	42.72	44.01	583200
20110113	44.25	44.25	43.23	43.60	538000
20110112	44.14	44.58	44.02	44.31	242600
20110111	43.75	44.17	43.57	44.00	610800
20110110	44.31	44.40	43.32	43.71	779400
20110107	43.62	44.75	43.61	44.57	833600
20110106	43.25	43.32	42.60	43.08	303600
20110105	43.15	43.40	42.83	43.28	689600
20110104	43.24	43.63	42.83	43.29	515400
20110103	43.12	43.42	42.68	43.14	595200
20101231	42.95	43.06	42.68	42.86	374600
20101230	42.92	43.00	42.48	42.87	326400
20101229	42.85	43.17	42.79	42.96	451600
20101228	43.35	43.35	42.60	42.85	207200
20101227	43.24	43.48	42.76	43.38	303000
20101223	43.70	43.91	43.53	43.61	190200
20101222	43.75	43.87	43.39	43.72	338200
20101221	42.92	43.90	42.92	43.76	610400
20101220	43.13	43.13	42.24	42.72	678200
20101217	43.50	43.63	43.00	43.26	2157000
20101216	43.77	43.93	43.15	43.56	399200
20101215	45.14	45.14	43.69	43.94	620800
20101214	43.57	44.35	43.42	44.13	723400
20101213	44.23	44.52	43.78	43.79	656600
20101210	44.50	44.92	43.91	43.91	591000
20101209	44.92	45.15	43.70	44.57	770000
20101208	45.12	45.17	44.80	44.94	381600
20101207	45.27	45.56	44.61	45.15	880200
20101206	45.34	45.78	45.15	45.36	660600
20101203	43.68	45.69	43.68	45.37	1224400
20101202	39.88	44.03	39.83	43.62	3813600
20101201	38.52	39.29	38.26	39.10	481400
20101130	38.34	38.70	38.11	38.35	447600
20101129	38.58	38.78	38.21	38.63	470200
20101126	38.99	39.17	38.62	38.74	95800
20101124	39.32	39.98	39.21	39.26	341800
20101123	39.32	39.59	38.76	39.25	499800
20101122	37.75	39.68	37.73	39.62	818600
20101119	37.88	38.11	37.59	37.74	454800
20101118	37.59	38.62	37.28	37.88	355000
20101117	37.59	38.09	37.03	37.68	489200
20101116	37.88	37.88	36.74	37.30	589600
20101115	37.66	38.30	37.63	37.94	534200
20101112	37.70	38.07	37.45	37.65	531400
20101111	37.52	38.02	36.93	37.96	918600
20101110	37.32	37.60	36.60	37.52	627800
20101109	38.83	38.99	37.01	37.32	1154600
20101108	38.65	39.05	38.46	38.86	315600
20101105	39.73	39.94	38.71	38.84	1095600
20101104	38.05	40.37	37.94	39.67	2139200
20101103	38.93	40.93	38.58	40.93	1133200
20101102	37.87	39.14	37.87	38.97	506600
20101101	39.16	39.64	37.53	37.81	671800
20101029	37.37	38.98	37.15	38.96	653800
20101028	37.47	37.68	36.80	37.35	389200
20101027	36.81	37.47	36.50	37.44	609400
20101026	37.60	37.97	36.92	37.07	574000
20101025	38.41	38.62	37.49	37.49	364400
20101022	37.65	38.25	37.41	38.24	257000
20101021	39.53	39.70	37.60	37.75	497800
20101020	38.08	39.51	37.73	39.30	1113200
20101019	36.29	36.90	35.81	36.89	681800
20101018	37.13	37.13	36.43	36.51	321800
20101015	37.70	37.75	36.92	37.30	925600
20101014	38.32	38.51	37.27	37.66	525600
20101013	38.41	38.80	38.27	38.43	412200
20101012	38.81	39.06	38.01	38.30	389400
20101011	39.14	39.35	38.71	38.98	346400
20101008	38.34	39.14	37.97	38.95	930600
20101007	38.02	38.35	37.49	38.29	535000
20101006	37.70	38.26	37.70	37.98	493400
20101005	37.84	38.18	37.56	37.87	442800
20101004	37.62	38.27	37.18	37.73	685800
20101001	36.99	37.87	36.59	37.86	848000
20100930	36.34	37.43	36.15	36.47	1106600
20100929	36.32	36.50	35.99	36.31	756200
20100928	36.15	36.58	35.81	36.32	615800
20100927	37.14	37.34	36.24	36.33	562400
20100924	36.55	37.14	36.44	37.10	874600
20100923	37.77	38.10	36.32	36.55	1239200
20100922	39.22	39.22	37.87	37.96	677200
20100921	38.56	39.52	38.23	39.05	998000
20100920	38.39	38.95	37.80	38.48	945400
20100917	78.00	78.69	75.43	77.36	3310800
20100916	81.88	81.88	78.09	78.35	833600
20100915	81.44	82.02	80.37	81.61	612800
20100914	82.22	83.15	80.88	81.09	517200
20100913	81.78	82.40	81.20	82.04	562800
20100910	79.30	81.63	77.13	80.68	958400
20100909	79.09	79.20	78.67	79.05	748000
20100908	78.95	79.27	77.96	78.70	1036800
20100907	80.23	80.74	78.94	79.63	819600
20100903	81.19	81.99	80.51	80.67	593200
20100902	78.25	80.96	78.25	80.67	1232400
20100901	77.00	79.71	76.47	77.70	2051600
20100831	77.51	78.79	76.98	77.80	1237200
20100830	75.02	78.20	74.80	77.80	849600
20100827	76.92	78.00	75.16	75.74	1466000
20100826	75.72	77.18	75.56	76.41	762400
20100825	74.46	75.52	72.68	75.41	758800
20100824	73.05	75.23	72.96	75.00	717600
20100823	74.26	74.71	73.53	74.14	517200
20100820	73.96	74.41	73.03	74.03	477600
20100819	74.00	74.92	73.51	73.96	732400
20100818	76.00	76.32	74.30	74.37	1112400
20100817	76.68	76.75	75.84	76.17	528400
20100816	75.92	76.93	75.75	76.33	513200
20100813	76.33	76.99	75.68	76.53	483200
20100812	75.00	76.95	74.37	76.45	925600
20100811	76.16	76.44	75.35	75.88	1002800
20100810	76.99	77.60	76.09	77.20	804400
20100809	76.92	78.00	76.10	77.40	953200
20100806	74.33	76.46	74.12	76.39	1212000
20100805	73.35	75.99	71.11	74.34	2421200
20100804	69.58	70.98	69.18	70.70	1837200
20100803	68.65	69.95	67.77	69.52	1372800
20100802	68.90	69.25	67.65	68.82	1127600
20100730	63.84	68.29	63.69	67.90	2080400
20100729	64.80	66.66	64.08	64.27	1930000
20100728	64.54	65.10	63.98	64.62	1003600
20100727	65.74	66.38	64.40	64.73	1347200
20100726	65.98	66.24	64.88	65.19	792800
20100723	64.52	66.65	63.86	65.81	1287600
20100722	67.43	67.91	61.39	64.46	4232800
20100721	66.45	67.60	65.78	66.46	1181600
20100720	67.65	67.97	65.46	66.41	1792800
20100719	70.23	70.38	67.93	68.44	1081600
20100716	69.47	70.15	69.07	69.67	1251200
20100715	70.75	70.90	68.98	70.02	1003600
20100714	71.10	71.40	70.11	70.79	1117200
20100713	70.97	72.18	70.17	71.40	1372800
20100712	72.15	72.98	68.66	70.04	2487200
20100709	73.46	74.03	72.35	72.61	866000
20100708	74.39	75.00	72.95	73.62	1216800
20100707	73.69	74.04	72.96	73.81	1322000
20100706	73.47	75.87	72.72	73.24	1236400
20100702	73.04	74.58	73.04	73.91	1539600
20100701	73.49	74.01	71.85	73.21	977600
20100630	71.48	73.48	71.03	73.25	995200
20100629	73.95	74.21	71.20	71.68	1033200
20100628	74.08	75.37	72.16	75.08	1048000
20100625	72.86	75.77	72.55	73.74	12468000
20100624	71.98	72.66	70.31	72.57	1366000
20100623	72.22	73.83	71.69	72.24	1046800
20100622	73.89	74.35	72.00	72.73	1193600
20100621	75.38	76.61	73.91	74.40	580000
20100618	76.28	76.97	74.90	75.30	887600
20100617	75.36	76.92	74.23	76.19	884400
20100616	74.22	76.87	73.97	74.81	764800
20100615	72.16	74.86	72.12	74.71	749600
20100614	74.24	74.25	71.93	72.16	1306400
20100611	73.61	74.31	72.25	73.11	1718800
20100610	74.42	75.24	73.14	74.00	1214800
20100609	73.46	74.34	71.36	73.68	1236000
20100608	71.04	72.25	70.08	72.12	747200
20100607	72.00	72.45	70.55	71.34	588000
20100604	72.96	73.15	70.65	71.25	766800
20100603	74.42	74.97	72.72	74.42	1006400
20100602	71.00	73.59	70.53	73.41	866400
20100601	73.50	74.97	70.91	71.32	1047200
20100528	73.26	74.86	72.80	73.56	1647200
20100527	69.34	72.90	69.00	72.78	1601600
20100526	66.86	70.51	66.86	68.63	836000
20100525	64.63	66.59	63.24	66.58	724000
20100524	66.05	67.54	65.91	66.05	467200
20100521	64.66	67.75	64.23	66.83	638000
20100520	65.64	66.27	64.94	65.09	872800
20100519	66.74	67.65	65.64	67.05	553600
20100518	66.41	68.00	66.02	67.22	608800
20100517	68.29	69.08	66.11	66.49	1020000
20100514	69.11	69.11	67.68	68.22	616000
20100513	69.99	70.38	69.22	69.78	1050400
20100512	65.96	70.55	65.59	69.74	1248800
20100511	64.44	65.96	63.85	65.08	522400
20100510	66.25	66.80	63.83	64.35	1009200
20100507	64.28	64.64	60.50	63.26	1478400
20100506	60.99	67.32	58.34	63.36	3220000
20100505	64.51	64.79	61.20	61.48	1178800
20100504	67.03	67.03	65.00	65.53	1398000
20100503	70.11	70.92	68.11	68.44	770400
20100430	69.87	71.42	68.67	69.69	1064800
20100429	67.00	69.77	67.00	69.30	667600
20100428	67.05	67.90	66.06	67.52	567200
20100427	67.52	67.92	65.54	66.25	681600
20100426	68.50	69.75	67.64	67.88	526000
20100423	66.78	68.47	66.75	68.23	580800
20100422	66.42	67.37	65.18	67.10	564800
20100421	69.36	69.36	66.51	66.72	540400
20100420	66.34	69.16	66.34	68.97	624800
20100419	65.54	66.30	65.17	65.90	769600
20100416	67.24	67.49	65.91	66.10	390000
20100415	66.35	67.80	66.35	67.04	781200
20100414	67.96	68.00	65.60	66.54	1081600
20100413	68.67	68.67	67.28	67.77	657200
20100412	68.83	71.07	68.50	68.55	1142400
20100409	68.10	68.50	67.94	68.24	478800
20100408	68.61	68.78	67.26	68.10	523600
20100407	68.64	68.93	68.15	68.53	613200
20100406	68.17	68.94	67.85	68.61	1076800
20100405	67.71	68.71	67.28	68.61	642800
20100401	67.34	68.22	66.66	67.32	877600
20100331	67.34	68.03	67.24	67.28	758400
20100330	67.85	68.45	67.51	68.01	1096800
20100329	66.61	68.33	66.05	68.20	905200
20100326	68.50	68.50	66.26	66.58	1872400
20100325	67.93	68.94	67.06	68.07	1287600
20100324	66.14	68.40	66.00	67.89	878000
20100323	67.49	67.49	66.00	66.56	502400
20100322	65.33	67.90	64.85	66.49	2000400
20100319	65.46	66.00	63.03	65.26	874000
20100318	65.68	65.78	63.89	64.97	1431600
20100317	63.29	65.57	63.00	65.27	1299200
20100316	61.91	63.95	61.16	63.04	1374000
20100315	61.30	63.04	61.13	61.73	614800
20100312	63.12	63.19	62.01	62.15	814800
20100311	61.00	63.48	59.96	62.99	1940800
20100310	59.81	61.32	59.81	60.50	1702800
20100309	61.64	61.64	59.31	59.83	1476000
20100308	62.14	62.83	60.26	61.58	1414000
20100305	59.98	63.54	58.83	62.14	2952800
20100304	51.69	60.00	51.64	58.60	5809600
20100303	50.64	51.13	50.36	50.91	685600
20100302	50.71	51.14	50.10	50.75	634800
20100301	50.15	50.91	50.15	50.76	699600
20100226	49.00	50.00	48.76	49.71	721200
20100225	49.09	49.35	47.57	49.01	507600
20100224	49.00	49.49	48.60	49.46	473600
20100223	49.19	49.28	48.62	48.76	727600
20100222	49.12	49.35	48.86	49.26	450800
20100219	48.35	49.33	48.01	49.19	364400
20100218	47.89	48.81	47.89	48.63	468000
20100217	47.34	48.16	46.91	48.01	480400
20100216	46.39	47.38	45.95	47.35	654800
20100212	47.20	47.64	45.83	46.07	1392400
20100211	47.25	47.86	46.08	47.51	680000
20100210	47.56	48.15	46.49	47.40	1162800
20100209	47.35	47.35	45.99	46.21	918400
20100208	46.99	47.50	46.53	46.95	832400
20100205	48.10	48.29	46.54	47.27	840400
20100204	48.50	49.02	47.75	47.85	1200400
20100203	48.50	49.16	48.28	48.70	498400
20100202	47.30	48.64	46.54	48.51	678800
20100201	47.13	47.93	46.92	47.26	668400
20100129	47.81	48.17	46.96	47.12	1362000
20100128	48.71	49.51	46.97	47.82	840400
20100127	48.02	49.05	48.00	48.66	1100400
20100126	48.03	48.90	47.70	48.32	762400
20100125	48.33	49.15	46.79	48.03	1053600
20100122	48.22	49.35	47.07	48.60	1224400
20100121	50.85	51.26	47.35	48.41	1678000
20100120	50.92	51.91	49.26	50.89	2209600
20100119	48.00	51.12	47.83	51.04	5028800
20100115	47.55	47.72	45.22	47.30	2808400
20100114	51.08	51.36	47.75	47.87	2050800
20100113	48.57	51.57	48.57	51.31	1329600
20100112	48.72	49.45	47.61	49.02	1581600
20100111	52.37	52.41	48.07	49.62	2441600
20100108	53.32	53.57	51.43	52.10	1392000
20100107	54.11	54.14	53.38	53.69	889200
20100106	54.95	55.06	53.95	54.07	472400
20100105	55.80	56.20	54.80	54.90	487600
20100104	54.94	56.00	54.02	55.76	382400
20091231	54.46	54.85	53.95	53.95	312800
20091230	54.07	55.07	53.72	53.94	655200
20091229	54.01	56.05	54.01	54.84	618000
20091228	55.65	56.04	54.19	54.33	455600
20091224	55.69	56.16	54.68	55.35	188000
20091223	55.31	56.00	54.26	55.35	264400
20091222	54.25	55.95	53.54	55.02	1048800
20091221	51.53	54.34	51.53	54.17	1118000
20091218	51.08	51.42	50.16	51.12	744400
20091217	51.33	51.53	50.34	50.99	643200
20091216	51.88	52.13	51.51	51.76	795600
20091215	51.17	51.95	51.00	51.95	636000
20091214	52.50	52.50	51.08	51.75	493600
20091211	52.22	52.22	51.55	51.87	316400
20091210	52.00	52.35	51.80	52.28	282400
20091209	51.70	52.25	51.00	52.02	666000
20091208	52.70	52.92	51.56	51.76	968000
20091207	54.10	54.30	52.83	53.08	895600
20091204	53.84	54.77	51.94	53.15	1062400
20091203	54.37	55.29	52.97	53.14	1242000
20091202	53.18	54.34	52.48	54.22	960800
20091201	51.05	53.25	51.02	52.68	824000
20091130	51.39	52.33	50.61	50.69	1255200
20091127	51.49	52.53	50.00	51.23	412400
20091125	52.90	54.50	52.53	53.00	1198400
20091124	52.06	52.79	51.25	52.51	510400
20091123	50.51	52.43	50.43	52.07	845200
20091120	49.05	49.81	47.85	49.68	792800
20091119	50.98	51.10	49.22	49.60	1019600
20091118	53.48	53.48	51.27	51.45	876800
20091117	52.75	54.45	52.74	53.20	1218400
20091116	50.70	53.27	50.17	52.79	1864800
20091113	48.05	50.00	47.82	49.73	838000
20091112	48.25	48.63	47.51	47.78	486800
20091111	48.19	48.94	47.61	48.25	762400
20091110	46.30	47.64	46.26	47.51	1081200
20091109	48.00	48.32	46.71	47.44	1260000
20091106	47.07	47.94	45.99	47.19	2105200
20091105	48.40	52.00	47.50	47.81	4408000
20091104	49.01	51.31	46.69	46.73	2838400
20091103	46.72	49.13	46.29	48.72	1888000
20091102	46.38	47.50	45.20	46.45	1424800
20091030	46.29	46.99	44.90	45.68	1452400
20091029	43.59	46.69	42.53	46.59	2025600
20091028	45.65	46.46	43.50	44.16	2317200
20091027	46.54	46.86	45.85	46.31	1961600
20091026	48.34	49.35	46.68	46.91	1546000
20091023	49.44	49.49	47.99	48.75	954000
20091022	47.61	49.18	47.32	48.94	866800
20091021	50.05	50.67	47.90	48.04	2002400
20091020	51.01	52.20	49.83	50.36	2525200
20091019	51.59	51.87	50.51	51.82	1251600
20091016	51.51	51.51	50.38	51.10	1260400
20091015	51.45	51.69	50.63	51.46	898800
20091014	50.53	51.57	50.12	51.54	2438000
20091013	50.75	52.59	50.35	51.43	1509600
20091012	51.08	51.90	50.39	50.76	593200
20091009	49.20	51.52	49.13	51.30	2077600
20091008	48.71	49.37	48.39	49.21	566400
20091007	48.70	49.37	47.50	48.14	873600
20091006	47.64	48.91	47.02	48.32	904000
20091005	46.06	47.89	45.97	46.90	1043600
20091002	44.10	46.07	44.03	45.39	976800
20091001	46.05	47.04	44.78	44.88	1462400
20090930	46.62	47.52	45.91	46.79	1112800
20090929	46.50	46.95	46.06	46.14	940000
20090928	46.64	47.57	46.27	46.56	1258400
20090925	46.01	46.69	45.68	46.35	1696000
20090924	47.99	48.37	46.04	46.34	2306800
20090923	47.66	48.85	47.29	48.00	1641200
20090922	48.14	48.30	47.20	47.53	1465200
20090921	46.99	48.74	46.30	47.65	2593200
20090918	43.86	47.39	43.70	47.00	14658400
20090917	42.03	43.45	41.43	41.58	3166800
20090916	41.90	42.31	40.67	42.27	1341200
20090915	42.48	42.48	41.17	41.96	1515600
20090914	43.40	43.81	42.90	43.48	906800
20090911	44.60	44.60	43.25	43.50	1028800
20090910	43.34	44.53	43.00	44.22	923600
20090909	42.72	44.60	42.72	43.04	2407600
20090908	41.51	42.92	41.51	41.89	574400
20090904	40.00	42.34	39.99	41.51	1569600
20090903	40.30	40.87	39.14	39.93	2072400
20090902	40.25	41.55	40.19	40.33	651600
20090901	40.16	41.46	39.90	40.70	1194800
20090831	42.86	42.98	40.05	40.71	3148000
20090828	43.60	43.75	41.92	42.22	1611600
20090827	44.40	44.60	43.53	43.70	1364800
20090826	44.00	44.52	43.41	44.16	1140400
20090825	43.99	44.67	43.26	43.72	1780000
20090824	42.71	43.66	42.50	43.40	2097600
20090821	42.51	42.77	42.06	42.77	419200
20090820	41.80	42.40	41.61	42.33	495200
20090819	41.83	42.20	41.43	42.08	1243600
20090818	41.03	42.60	41.03	41.87	1121200
20090817	39.90	41.38	39.07	41.36	1348400
20090814	41.80	42.37	40.34	41.05	823600
20090813	40.93	41.78	40.56	41.61	1738000
20090812	40.00	41.28	39.50	40.40	2314800
20090811	38.71	40.84	37.51	40.14	2121200
20090810	38.84	39.74	37.63	37.96	1352000
20090807	37.69	39.72	37.27	39.25	1843600
20090806	38.34	40.02	36.68	37.53	9045600
20090805	30.25	30.32	29.47	29.71	662000
20090804	29.08	30.25	29.08	29.90	552800
20090803	30.00	30.00	28.83	29.37	474800
20090731	29.78	29.96	29.16	29.56	387600
20090730	29.08	29.85	29.08	29.60	462800
20090729	29.05	29.21	28.00	29.16	802000
20090728	29.50	29.50	28.63	29.16	512000
20090727	29.85	29.85	29.14	29.54	469600
20090724	29.98	30.00	28.52	29.61	430800
20090723	29.36	29.88	29.22	29.84	636800
20090722	29.85	29.88	29.11	29.14	478000
20090721	29.54	29.99	29.40	29.63	652800
20090720	28.92	29.60	28.73	29.24	773200
20090717	28.30	28.87	28.09	28.68	618000
20090716	28.40	28.76	27.77	28.30	889200
20090715	28.10	28.50	27.62	28.21	1224400
20090714	27.01	28.15	27.01	27.84	1397200
20090713	27.17	27.17	26.34	26.89	636400
20090710	26.80	27.34	26.54	26.87	714400
20090709	26.10	27.34	25.57	27.00	1080400
20090708	26.26	26.97	25.31	25.71	1046000
20090707	25.01	26.67	24.81	26.47	1379200
20090706	25.22	25.81	24.51	25.07	460000
20090702	26.18	26.18	25.21	25.56	581600
20090701	25.76	26.99	25.02	26.44	285200
20090630	26.35	26.35	25.00	25.42	380000
20090629	26.52	26.62	25.58	26.04	324000
20090626	25.62	26.53	25.53	26.20	1196000
20090625	25.43	25.53	24.63	25.53	322000
20090624	24.28	25.44	24.15	25.25	988000
20090623	24.69	24.74	23.05	24.23	979200
20090622	25.99	25.99	24.70	24.76	916800
20090619	25.76	26.02	25.38	25.77	748000
20090618	25.12	25.60	24.58	25.58	1200800
20090617	24.75	25.22	24.40	25.21	514400
20090616	25.69	26.07	24.78	24.93	1134400
20090615	25.85	25.85	25.28	25.72	742800
20090612	26.57	26.57	25.59	26.23	986000
20090611	26.34	26.89	26.02	26.78	531200
20090610	25.95	26.24	25.59	26.06	1036000
20090609	25.13	25.61	24.58	25.55	1082000
20090608	25.18	25.18	24.43	25.00	466400
20090605	25.89	25.98	24.83	25.00	617600
20090604	24.25	25.59	24.10	25.54	466400
20090603	25.04	25.21	23.63	24.25	760000
20090602	25.20	26.42	25.20	25.59	619600
20090601	24.88	25.29	24.66	25.19	721600
20090529	24.35	24.88	23.69	24.85	551200
20090528	24.53	24.78	23.90	24.39	576400
20090527	24.47	24.75	24.01	24.53	1244000
20090526	22.34	24.13	22.09	24.00	1906000
20090522	21.60	22.50	21.60	22.34	902800
20090521	22.04	22.04	21.13	21.42	866000
20090520	20.85	22.18	20.85	21.99	937200
20090519	20.32	20.91	20.27	20.73	662400
20090518	20.27	20.29	19.57	20.29	599200
20090515	20.16	20.55	20.00	20.00	511200
20090514	20.06	20.46	20.06	20.24	252400
20090513	20.54	20.72	20.00	20.21	473200
20090512	20.60	20.83	20.33	20.72	688800
20090511	21.17	21.20	20.16	20.51	1557600
20090508	21.95	22.03	20.64	20.92	1989200
20090507	22.02	22.50	21.05	21.25	3288000
20090506	20.23	20.78	19.72	19.94	819600
20090505	19.98	20.26	19.68	20.20	585200
20090504	20.32	20.32	19.77	20.00	790800
20090501	20.03	20.20	19.43	20.09	739600
20090430	17.87	20.15	17.84	20.03	1454000
20090429	19.32	19.33	17.69	18.03	2732400
20090428	20.51	20.51	19.15	19.62	1210800
20090427	20.76	21.14	20.20	20.60	782800
20090424	21.02	21.10	20.31	20.61	1032000
20090423	21.40	21.54	20.58	20.99	472000
20090422	20.82	21.53	20.82	21.18	663200
20090421	20.56	20.91	19.39	20.78	2245600
20090420	21.24	21.37	20.66	20.85	867600
20090417	22.60	22.76	21.69	21.74	581600
20090416	23.12	23.22	22.45	22.75	443600
20090415	22.28	22.93	22.19	22.84	507200
20090414	22.97	23.02	22.15	22.55	600400
20090413	23.06	23.26	22.78	22.94	410400
20090409	22.85	23.25	22.75	22.88	623200
20090408	22.01	22.65	21.78	22.45	919200
20090407	21.74	21.74	20.88	21.57	419200
20090406	22.50	22.51	21.31	21.85	397600
20090403	22.43	22.77	22.00	22.36	309600
20090402	21.95	23.43	21.91	22.23	1358800
20090401	21.25	21.80	20.95	21.77	535600
20090331	21.39	21.60	20.85	21.54	264400
20090330	21.19	21.25	20.37	21.12	614800
20090327	21.94	21.94	20.93	21.28	434000
20090326	22.00	22.00	21.33	21.95	656000
20090325	21.35	21.84	21.28	21.84	573600
20090324	21.47	21.85	21.11	21.42	402000
20090323	21.24	21.73	21.03	21.47	489200
20090320	21.71	21.82	20.50	20.78	1170800
20090319	21.37	21.96	21.37	21.53	616000
20090318	21.02	21.28	20.80	21.26	532800
20090317	21.31	21.35	20.83	21.21	646000
20090316	20.50	21.64	20.29	21.31	1689200
20090313	20.25	20.88	19.98	20.29	572000
20090312	19.55	20.14	19.43	20.13	723600
20090311	19.54	20.00	19.50	19.57	369200
20090310	19.36	20.00	19.00	19.57	573200
20090309	19.96	20.15	19.20	19.31	762000
20090306	20.81	21.02	19.43	20.02	772800
20090305	19.85	21.67	19.85	20.61	2065600
20090304	17.59	19.21	17.43	19.21	556800
20090303	17.64	17.94	16.89	17.43	1158000
20090302	18.77	18.82	17.66	17.67	638800
20090227	20.26	20.26	18.66	19.39	2554400
20090226	20.86	20.99	20.38	20.45	773200
20090225	19.84	21.47	19.70	20.63	1724400
20090224	19.72	20.23	19.64	19.99	623600
20090223	19.70	20.00	19.50	19.62	361200
20090220	19.46	19.75	19.30	19.54	300000
20090219	19.23	19.92	19.23	19.72	288400
20090218	19.13	19.32	18.29	19.20	599600
20090217	19.72	19.87	18.80	19.18	506400
20090213	20.02	20.09	19.71	20.00	347200
20090212	19.80	20.06	19.54	19.91	1152400
20090211	20.02	20.14	19.72	19.85	328400
20090210	20.03	20.44	19.57	20.09	718400
20090209	19.80	20.52	19.71	20.00	760400
20090206	20.53	20.53	20.11	20.40	1424800
20090205	20.29	20.78	20.00	20.45	898000
20090204	20.03	20.72	19.92	20.25	1334400
20090203	19.60	20.12	19.25	20.00	1493600
20090202	18.52	20.08	17.97	19.57	2079600
20090130	18.64	18.75	17.80	18.54	1399200
20090129	17.70	18.87	17.52	18.61	927200
20090128	17.30	17.75	16.91	17.74	1219200
20090127	16.93	16.95	16.48	16.81	236000
20090126	17.00	17.25	16.79	16.97	320000
20090123	16.50	17.00	16.30	17.00	250400
20090122	16.67	16.97	16.36	16.83	337600
20090121	16.79	17.03	16.45	16.85	936400
20090120	17.26	17.27	16.69	16.74	571200
20090116	16.88	17.50	16.82	17.47	327600
20090115	16.20	16.77	15.97	16.63	240400
20090114	16.50	16.61	16.06	16.29	465600
20090113	16.18	17.03	16.01	16.52	960000
20090112	17.27	17.27	15.61	16.47	934800
20090109	18.55	18.60	16.50	17.50	1112400
20090108	18.46	19.00	18.41	18.68	786800
20090107	18.45	18.85	18.25	18.36	592000
20090106	19.23	19.27	18.42	18.73	702000
20090105	19.19	19.27	18.77	19.03	1160400
20090102	18.79	19.06	18.63	18.79	406800
20081231	18.15	18.84	18.15	18.67	348400
20081230	17.75	18.22	17.35	18.22	412800
20081229	16.42	17.60	16.42	17.59	478400
20081226	17.35	17.35	16.01	16.40	210000
20081224	16.76	17.38	16.76	17.19	250400
20081223	16.66	16.97	16.50	16.83	915200
20081222	16.55	17.20	16.40	16.48	543200
20081219	16.75	16.75	16.01	16.40	444400
20081218	17.50	17.51	16.40	16.73	345600
20081217	17.31	17.45	16.68	17.38	394400
20081216	16.99	17.36	16.20	17.34	1342000
20081215	17.15	17.36	16.62	16.80	281600
20081212	17.27	17.27	16.53	16.79	1050400
20081211	16.29	17.84	16.29	17.64	1088800
20081210	15.88	16.59	15.88	16.47	893200
20081209	15.83	16.47	15.74	15.90	516000
20081208	16.28	16.28	15.70	15.99	584000
20081205	16.07	16.07	13.51	15.21	752400
20081204	15.90	16.40	14.85	15.25	303200
20081203	15.82	16.18	15.71	16.04	360800
20081202	15.60	16.66	15.26	15.90	746000
20081201	15.41	15.98	15.31	15.50	554000
20081128	15.54	15.77	15.44	15.51	46800
20081126	15.25	15.66	15.24	15.42	138000
20081125	15.74	16.00	15.19	15.37	203600
20081124	14.09	15.38	14.09	15.19	292000
20081121	14.21	14.27	13.45	14.04	246800
20081120	14.41	14.95	13.96	14.14	789600
20081119	15.63	15.63	14.74	14.89	590000
20081118	15.34	15.51	14.92	15.44	470800
20081117	14.76	15.25	14.58	15.18	483200
20081114	14.14	14.97	14.14	14.83	130400
20081113	14.15	14.29	13.32	14.17	443200
20081112	14.32	14.34	13.85	14.10	88400
20081111	14.91	15.02	14.54	14.70	92800
20081110	14.76	15.18	14.76	14.95	134400
20081107	15.01	15.01	14.44	14.60	187600
20081106	15.42	15.81	14.14	14.65	289200
20081105	14.66	14.98	14.39	14.54	55600
20081104	13.99	14.70	13.89	14.70	103200
20081103	12.94	14.30	12.80	13.65	456000
20081031	12.74	13.38	12.54	13.07	186800
20081030	13.37	13.40	12.62	13.15	252400
20081029	12.54	13.65	12.54	12.93	186800
20081028	11.79	12.27	11.49	12.25	444800
20081027	11.12	11.85	10.94	11.61	131600
20081024	10.95	11.61	10.40	11.61	127600
20081023	12.09	12.33	11.22	11.93	149600
20081022	13.10	13.15	12.01	12.55	219200
20081021	13.87	13.87	13.54	13.54	93600
20081020	12.74	13.87	12.73	13.69	279600
20081017	12.30	13.24	12.05	12.58	96800
20081016	11.61	12.25	10.81	12.25	276000
20081015	12.68	12.68	11.68	11.86	114000
20081014	12.61	13.19	10.59	12.73	341600
20081013	10.53	11.91	10.53	11.47	64800
20081010	11.46	11.87	10.50	10.73	512400
20081009	12.26	12.51	12.06	12.06	142400
20081008	12.36	13.10	12.20	12.70	253600
20081007	13.52	13.52	12.40	12.69	301600
20081006	13.61	14.00	11.50	13.53	492000
20081003	14.36	14.79	14.14	14.24	250000
20081002	15.17	15.17	14.37	14.65	244400
20081001	14.91	15.94	14.65	15.67	104800
20080930	14.60	15.82	14.23	15.25	129200
20080929	16.69	16.69	14.52	15.41	155600
20080926	16.73	16.96	16.65	16.96	296000
20080925	16.89	16.95	16.71	16.82	75600
20080924	16.70	16.77	16.65	16.74	82000
20080923	15.92	16.70	15.92	16.56	319600
20080922	15.50	16.49	15.50	16.15	102000
20080919	16.00	16.34	15.70	15.70	377600
20080918	15.99	16.00	15.25	15.90	314400
20080917	15.66	16.05	15.39	15.79	342000
20080916	15.80	16.00	15.48	15.92	74800
20080915	14.56	16.10	14.56	15.90	67600
20080912	15.10	15.95	15.10	15.92	101200
20080911	15.16	15.16	14.96	15.14	121600
20080910	15.15	15.26	14.79	15.22	142400
20080909	15.17	15.26	15.16	15.19	84800
20080908	15.16	15.51	15.16	15.30	118000
20080905	15.09	15.27	14.90	15.18	150400
20080904	15.13	15.17	14.99	14.99	101200
20080903	15.12	15.16	15.03	15.15	52000
20080902	14.93	14.95	14.76	14.86	53600
20080829	15.11	15.25	14.86	15.25	45600
20080828	15.21	15.29	15.12	15.27	18800
20080827	15.16	15.35	15.16	15.30	26800
20080826	15.20	15.26	14.84	15.26	51600
20080825	14.74	15.23	14.74	15.07	60800
20080822	15.33	15.33	14.84	14.97	58400
20080821	15.05	15.30	14.73	15.17	148000
20080820	14.81	15.05	14.81	14.88	56000
20080819	15.03	15.03	14.56	14.91	103200
20080818	14.91	15.16	14.91	15.01	63600
20080815	14.88	15.10	14.88	14.99	111200
20080814	14.47	15.14	14.47	14.99	104400
20080813	14.34	14.57	14.34	14.56	164400
20080812	14.41	14.56	14.26	14.50	79600
20080811	14.33	14.41	14.02	14.41	88800
20080808	15.07	15.07	14.18	14.32	228400
20080807	13.31	15.18	13.31	14.61	311200
20080806	13.05	13.54	13.05	13.14	64400
20080805	13.26	13.55	13.02	13.02	100000
20080804	14.49	14.49	13.06	13.61	44800
20080801	13.11	13.61	13.11	13.32	255600
20080731	13.79	13.79	13.38	13.62	165600
20080730	13.61	13.85	13.11	13.11	91600
20080729	13.56	13.83	13.47	13.61	244000
20080728	13.49	13.58	13.26	13.47	76400
20080725	14.32	14.32	13.03	13.52	234000
20080724	13.89	13.89	13.64	13.64	130800
20080723	13.49	13.84	13.34	13.65	84800
20080722	13.54	14.07	13.43	13.43	282800
20080721	13.75	13.93	13.75	13.84	34800
20080718	13.85	13.90	13.79	13.82	49200
20080717	14.01	14.01	13.72	13.80	70800
20080716	13.91	14.30	13.58	14.30	123200
20080715	13.88	13.91	13.72	13.84	144000
20080714	14.34	14.59	13.90	14.00	158800
20080711	14.14	14.54	13.98	14.35	130000
20080710	13.38	14.08	13.38	13.95	134800
20080709	13.90	14.02	13.36	13.77	204400
20080708	12.99	13.98	12.99	13.98	88800
20080707	13.64	13.88	13.20	13.24	250000
20080703	14.00	14.04	13.70	13.70	148000
20080702	13.45	14.25	13.45	14.03	136400
20080701	13.56	13.57	11.54	13.22	308000
20080630	14.03	14.29	13.67	13.67	197600
20080627	14.59	14.59	14.04	14.11	114000
20080626	14.91	15.28	14.05	14.05	306400
20080625	15.30	15.39	14.79	14.85	214000
20080624	15.27	15.27	14.80	14.80	184400
20080623	14.99	15.40	14.90	15.20	113200
20080620	15.68	15.68	14.65	14.90	164000
20080619	16.28	16.39	15.57	15.59	109600
20080618	17.00	17.00	16.38	16.56	102800
20080617	17.20	17.25	16.04	17.04	222800
20080616	16.68	17.35	16.68	17.15	113200
20080613	16.28	16.63	16.04	16.60	248000
20080612	16.59	16.59	15.88	16.32	253600
20080611	15.75	16.58	15.69	16.52	184800
20080610	15.60	15.90	15.45	15.88	108400
20080609	15.79	16.00	15.37	15.92	113600
20080606	15.90	16.34	15.90	16.09	59200
20080605	15.85	16.13	15.80	16.13	51600
20080604	15.76	16.19	15.63	15.75	96000
20080603	16.06	16.06	15.53	16.04	147200
20080602	16.24	16.29	16.04	16.24	39200
20080530	16.23	16.46	16.11	16.29	164400
20080529	16.13	17.15	15.00	16.33	144400
20080528	16.03	16.51	16.00	16.45	45200
20080527	15.93	16.57	15.48	16.28	50800
20080523	16.03	16.09	15.73	15.97	66000
20080522	16.00	16.20	15.89	16.20	110400
20080521	16.42	16.42	16.04	16.19	43600
20080520	16.16	16.50	15.93	16.38	294400
20080519	16.53	16.53	15.44	16.16	86800
20080516	16.15	16.42	16.11	16.34	64000
20080515	16.20	16.50	16.08	16.48	79200
20080514	16.70	16.74	16.13	16.37	188000
20080513	16.56	16.92	16.00	16.88	152000
20080512	16.47	17.22	15.96	16.84	138400
20080509	17.00	17.15	16.27	16.30	261200
20080508	15.28	17.09	14.20	17.09	362400
20080507	16.90	17.31	16.61	16.98	116800
20080506	16.41	17.33	16.21	16.74	230800
20080505	16.57	16.92	16.23	16.62	282000
20080502	15.90	16.45	15.69	16.22	278800
20080501	15.75	15.92	15.39	15.92	267600
20080430	14.60	15.79	14.54	15.54	211600
20080429	14.69	14.70	13.86	14.53	206000
20080428	14.25	15.00	14.00	14.52	334000
20080425	13.10	13.72	13.10	13.67	137600
20080424	13.22	13.69	13.11	13.11	160400
20080423	13.71	13.85	13.19	13.32	227200
20080422	14.37	14.37	13.64	13.89	372400
20080421	14.36	14.48	14.31	14.41	112800
20080418	14.85	14.90	14.28	14.54	163600
20080417	15.00	15.10	14.30	14.85	283600
20080416	13.60	14.99	13.55	14.94	384000
20080415	13.47	13.77	13.28	13.60	117200
20080414	13.39	13.50	13.15	13.47	140800
20080411	13.10	13.38	12.87	13.35	54800
20080410	13.15	13.33	13.06	13.33	120000
20080409	12.49	13.24	12.49	13.20	101200
20080408	12.06	12.46	11.75	12.39	102800
20080407	12.25	12.37	12.10	12.18	92800
20080404	12.42	12.42	12.12	12.25	171600
20080403	12.24	12.49	12.22	12.35	61200
20080402	12.37	12.50	12.13	12.37	149200
20080401	12.02	12.32	12.00	12.30	62800
20080331	11.60	11.88	11.60	11.88	57600
20080328	11.88	11.88	11.60	11.69	154400
20080327	11.46	12.04	11.26	11.88	141600
20080326	11.49	11.49	11.34	11.49	54000
20080325	11.13	11.50	11.13	11.35	217600
20080324	10.28	11.16	9.93	11.15	292800
20080320	10.32	10.39	9.97	10.22	112000
20080319	10.30	10.44	10.11	10.21	147200
20080318	10.03	10.26	10.03	10.25	191200
20080317	10.47	10.47	9.85	10.04	115200
20080314	10.44	10.57	10.31	10.45	272400
20080313	10.24	10.79	10.24	10.51	254800
20080312	10.60	10.82	10.37	10.55	363600
20080311	10.86	11.01	10.62	10.75	612000
20080310	11.27	11.30	10.80	10.81	162000
20080307	11.74	11.86	11.20	11.35	1099600
20080306	12.74	12.74	12.04	12.04	1320800
20080305	13.03	13.28	12.79	13.11	136000
20080304	13.68	13.70	12.57	12.57	107200
20080303	13.85	13.97	13.59	13.83	164400
20080229	13.87	14.06	13.72	13.93	166400
20080228	13.74	14.08	13.60	13.93	190400
20080227	14.27	14.40	13.70	13.81	636000
20080226	15.95	16.00	13.72	14.31	1909600
20080225	15.53	15.95	15.38	15.95	121600
20080222	15.51	15.58	15.36	15.46	54400
20080221	15.35	15.63	15.20	15.51	123200
20080220	15.39	15.57	15.26	15.39	74000
20080219	15.65	15.65	15.01	15.48	153200
20080215	15.44	15.55	15.31	15.54	64400
20080214	15.41	15.90	15.31	15.44	244000
20080213	15.23	15.66	15.23	15.47	241200
20080212	15.35	15.54	15.03	15.48	151600
20080211	15.36	15.48	15.16	15.40	170000
20080208	15.04	15.41	15.00	15.41	113200
20080207	14.91	15.04	14.82	15.01	73200
20080206	15.14	15.40	15.02	15.02	117600
20080205	14.82	15.23	14.80	15.05	73200
20080204	15.14	15.14	14.80	14.99	102000
20080201	15.13	15.40	14.71	15.07	211600
20080131	14.94	15.30	14.69	15.17	194800
20080130	14.72	15.85	14.64	15.33	121600
20080129	15.09	15.09	14.55	14.67	109200
20080128	14.25	15.00	14.20	14.79	112400
20080125	14.30	14.78	14.30	14.39	86800
20080124	13.39	14.37	13.36	14.18	352000
20080123	13.37	13.51	12.86	13.30	416800
20080122	13.51	14.35	13.41	13.41	364800
20080118	15.09	15.35	14.29	14.51	612800
20080117	15.96	16.00	15.06	15.06	325600
20080116	15.85	15.85	15.41	15.80	117200
20080115	15.57	15.90	15.35	15.84	374000
20080114	14.81	15.82	14.42	15.67	163600
20080111	15.10	15.10	14.35	14.70	215200
20080110	14.12	15.32	14.12	15.10	211200
20080109	14.11	14.22	14.06	14.08	140400
20080108	14.22	14.78	14.16	14.16	88400
20080107	14.18	14.39	14.14	14.27	202400
20080104	14.22	14.48	14.13	14.17	154000
20080103	14.49	14.59	14.33	14.33	131200
20080102	14.50	14.83	14.39	14.44	159600
20071231	14.74	15.15	14.50	14.50	234000
20071228	14.78	15.00	14.52	14.82	308800
20071227	14.51	14.94	14.51	14.75	112800
20071226	15.03	15.17	14.52	14.58	74800
20071224	14.61	15.15	14.40	15.15	126800
20071221	14.37	14.60	14.35	14.60	232800
20071220	14.13	14.56	14.13	14.30	432800
20071219	13.67	14.24	13.56	14.05	607600
20071218	13.71	13.85	13.53	13.67	114400
20071217	13.72	14.00	13.54	13.70	162000
20071214	13.46	13.88	13.46	13.79	98000
20071213	13.86	13.89	13.45	13.46	201200
20071212	13.93	14.07	13.78	13.85	131200
20071211	14.03	14.07	13.80	13.80	228400
20071210	13.94	14.04	13.85	13.96	145200
20071207	13.87	14.20	13.87	13.94	295200
20071206	13.67	13.92	13.65	13.87	112800
20071205	13.65	13.88	13.64	13.67	155200
20071204	13.92	13.92	13.49	13.57	163600
20071203	14.03	14.09	13.74	13.98	183200
20071130	13.80	14.15	13.57	14.01	304400
20071129	11.39	13.94	11.39	13.73	524400
20071128	12.04	12.12	11.45	11.45	1708000
20071127	12.36	12.36	12.00	12.03	141200
20071126	12.43	12.66	12.22	12.29	194000
20071123	12.05	12.38	12.05	12.32	80800
20071121	12.30	12.30	11.35	11.99	444400
20071120	12.29	12.49	12.27	12.37	256400
20071119	12.60	12.60	12.33	12.34	159200
20071116	12.33	12.60	12.33	12.60	152000
20071115	12.64	12.72	12.28	12.40	190000
20071114	12.53	12.86	12.40	12.57	240400
20071113	12.40	12.55	12.26	12.49	357600
20071112	12.84	12.87	12.36	12.40	219600
20071109	13.00	13.05	12.66	12.82	384800
20071108	13.40	13.64	13.00	13.15	372400
20071107	14.18	14.18	13.56	13.56	326400
20071106	14.60	14.88	14.11	14.19	273600
20071105	14.86	14.94	14.28	14.40	264000
20071102	15.03	15.37	14.75	14.83	374400
20071101	16.19	16.19	14.91	14.91	681600
20071031	14.70	16.20	14.70	15.95	1124400
20071030	14.64	14.79	14.56	14.71	194800
20071029	13.81	14.62	13.76	14.56	383600
20071026	13.90	13.97	13.69	13.86	259600
20071025	13.87	13.95	13.56	13.72	190800
20071024	13.97	14.00	13.68	13.80	171600
20071023	13.65	13.90	13.56	13.90	191600
20071022	13.79	13.94	13.52	13.58	660000
20071019	13.95	14.10	13.71	13.71	540400
20071018	13.92	13.96	13.69	13.88	332400
20071017	13.69	13.98	13.60	13.83	386800
20071016	13.76	13.76	13.50	13.57	686000
20071015	13.36	13.89	13.00	13.34	1531600
20071012	12.96	13.32	12.96	13.32	1056000
20071011	13.09	13.15	12.90	12.96	610400
20071010	12.80	13.12	12.80	13.09	656000
20071009	12.90	12.98	12.52	12.87	1398000
20071008	12.77	12.97	12.56	12.95	619200
20071005	12.33	13.08	12.31	12.70	460800
20071004	12.56	12.65	12.31	12.34	403600
20071003	12.76	12.77	12.31	12.55	377200
20071002	13.24	13.26	12.68	12.69	1024400
20071001	15.29	15.76	12.82	13.15	3347600
20070928	16.00	16.16	15.66	16.02	213200
20070927	16.00	16.23	16.00	16.01	190800
20070926	15.62	16.05	15.62	15.95	202000
20070925	15.67	16.05	15.26	15.90	591200
20070924	16.69	16.85	15.50	15.63	188000
20070921	17.01	17.11	16.55	16.76	220800
20070920	16.92	17.35	16.90	16.98	119600
20070919	17.26	17.55	16.80	16.83	556000
20070918	17.71	17.71	16.55	17.29	835600
20070917	17.65	17.78	17.45	17.52	122000
20070914	17.93	17.94	17.61	17.81	70800
20070913	17.83	18.24	17.74	17.92	125600
20070912	17.89	18.20	17.68	17.87	116400
20070911	17.79	18.18	17.32	17.99	728800
20070910	17.49	17.95	17.30	17.62	350800
20070907	17.67	17.76	17.18	17.64	987600
20070906	18.42	18.56	17.73	18.10	702800
20070905	18.24	18.57	18.11	18.49	349200
20070904	17.99	18.40	17.88	18.11	501200
20070831	17.61	18.07	17.61	17.91	357600
20070830	17.49	17.79	17.49	17.67	230800
20070829	17.19	17.50	17.19	17.38	84000
20070828	17.49	17.53	17.12	17.19	206000
20070827	17.18	17.64	17.16	17.49	825600
20070824	17.66	18.04	17.66	17.77	519600
20070823	17.06	17.86	17.06	17.75	614800
20070822	17.50	18.14	16.63	17.15	2792800
20070821	18.92	19.50	18.92	19.30	176800
20070820	18.46	18.98	18.39	18.92	235600
20070817	19.18	19.36	18.31	18.61	472800
20070816	20.00	20.14	18.54	18.92	682400
20070815	21.54	21.54	20.40	20.50	215600
20070814	21.60	21.78	20.96	21.46	677600
20070813	21.68	21.85	21.41	21.60	886400
20070810	21.50	21.50	20.98	21.22	887600
20070809	21.10	21.14	20.61	21.11	360800
20070808	21.68	21.76	21.21	21.21	486000
20070807	21.98	21.98	20.83	21.58	812000
20070806	22.11	22.15	21.70	22.00	253600
20070803	20.65	22.07	20.55	21.69	793600
20070802	25.00	25.28	19.70	20.25	2966000
20070801	28.22	28.35	26.60	26.87	128400
20070731	28.48	28.95	27.90	28.17	171600
20070730	26.93	28.46	26.72	28.39	168800
20070727	27.34	27.34	26.08	26.93	93200
20070726	28.30	28.30	26.42	26.98	210000
20070725	28.59	28.64	27.87	28.42	250400
20070724	29.05	29.05	28.13	28.32	205200
20070723	28.71	29.20	28.16	28.70	100800
20070720	28.94	29.41	28.56	28.71	43600
20070719	28.50	29.07	28.38	28.84	50000
20070718	29.18	29.18	28.25	28.51	140000
20070717	30.07	30.34	28.82	29.18	167600
20070716	29.86	30.38	29.67	30.22	109200
20070713	29.95	31.48	29.73	29.90	147200
20070712	28.96	29.48	28.83	29.48	102400
20070711	28.70	29.33	28.70	29.01	80400
20070710	29.16	29.21	28.50	28.74	147600
20070709	29.40	29.67	29.00	29.03	108400
20070706	29.20	29.43	28.90	29.24	197200
20070705	29.02	29.58	28.66	29.04	613200
20070703	31.25	31.25	29.07	29.80	222800
20070702	29.00	31.38	28.45	31.38	487200
20070629	28.81	28.96	28.47	28.77	286000
20070628	27.71	28.46	27.40	28.36	720800
20070627	27.51	27.55	27.00	27.08	98800
20070626	27.30	27.91	27.30	27.55	202400
20070625	27.40	27.54	26.18	27.39	184400
20070622	27.54	27.77	27.10	27.13	60400
20070621	27.86	27.86	25.91	27.58	351200
20070620	25.30	28.13	25.30	27.94	708800
20070619	25.00	25.50	25.00	25.31	146400
20070618	25.65	25.65	25.00	25.08	90400
20070615	25.75	25.75	25.22	25.40	68400
20070614	25.48	25.78	25.33	25.40	86800
20070613	25.05	25.35	25.01	25.20	172000
20070612	25.26	25.35	25.10	25.25	135600
20070611	25.50	25.50	25.25	25.41	71200
20070608	25.71	25.74	25.36	25.46	133200
20070607	26.00	26.02	25.80	25.89	50400
20070606	25.82	26.19	25.65	26.01	132000
20070605	25.83	25.93	25.67	25.86	114000
20070604	25.54	25.80	25.53	25.60	85600
20070601	25.65	25.80	25.48	25.62	74400
20070531	25.72	25.84	25.38	25.39	290400
20070530	25.92	25.99	25.52	25.57	91600
20070529	25.32	26.17	25.32	25.96	198400
20070525	24.74	25.36	24.67	25.11	248000
20070524	25.41	25.41	24.05	24.46	1570800
20070523	25.20	26.79	24.65	25.25	442400
20070522	23.99	25.00	23.99	25.00	273600
20070521	23.85	24.09	23.69	23.85	25200
20070518	23.69	23.98	23.57	23.70	86400
20070517	23.56	23.63	23.45	23.47	129200
20070516	23.80	23.85	23.54	23.58	23200
20070515	23.35	23.70	23.35	23.70	83600
20070514	23.46	23.56	23.35	23.48	111200
20070511	23.19	23.51	23.19	23.49	63600
20070510	23.44	23.78	23.25	23.47	241200
20070509	22.86	23.41	22.72	23.33	63600
20070508	22.79	23.12	22.50	23.09	117200
20070507	22.57	22.88	22.57	22.82	89600
20070504	22.74	22.76	22.68	22.71	56800
20070503	22.75	22.76	22.61	22.69	60000
20070502	22.80	22.80	22.55	22.59	90800
20070501	22.97	22.97	22.51	22.62	115600
20070430	22.80	22.81	22.56	22.81	118000
20070427	22.99	23.00	22.49	22.53	80400
20070426	22.90	22.98	22.76	22.98	105600
20070425	22.89	22.99	22.73	22.99	76000
20070424	22.59	22.79	22.37	22.71	477200
20070423	22.34	22.60	22.28	22.53	135600
20070420	22.39	22.50	22.15	22.34	175200
20070419	21.76	22.06	21.65	22.02	143200
20070418	21.55	22.18	21.28	21.87	438400
20070417	20.87	21.58	20.76	21.49	288400
20070416	20.25	20.93	20.11	20.85	238000
20070413	20.30	20.30	20.11	20.25	146800
20070412	20.02	20.20	19.91	20.17	340800
20070411	19.76	20.02	19.46	20.02	52000
20070410	19.67	19.85	19.54	19.66	101600
20070409	19.69	19.80	19.48	19.55	100800
20070405	19.52	19.69	19.34	19.41	75600
20070404	19.40	19.52	19.40	19.42	74000
20070403	19.04	19.38	19.04	19.33	111200
20070402	19.00	19.23	18.85	19.08	156000
20070330	18.63	18.94	18.51	18.84	140000
20070329	18.36	18.67	18.10	18.57	52800
20070328	17.94	18.21	17.35	18.04	225200
20070327	18.39	18.45	17.89	17.91	138800
20070326	18.83	19.15	18.32	18.39	257600
20070323	19.41	19.41	18.95	18.98	87600
20070322	19.18	19.50	19.18	19.29	88400
20070321	19.12	19.61	19.02	19.31	94400
20070320	19.34	19.39	18.71	19.12	260800
20070319	19.00	19.49	19.00	19.13	154800
20070316	19.62	19.62	19.32	19.34	46000
20070315	19.66	19.70	19.51	19.51	104800
20070314	19.00	19.83	18.81	19.74	417600
20070313	19.50	19.52	18.76	18.76	674800
20070312	19.21	19.72	19.21	19.67	276000
20070309	19.95	20.20	19.04	19.04	161200
20070308	19.57	20.13	19.06	19.65	388000
20070307	18.80	18.80	18.20	18.45	279600
20070306	18.64	18.93	18.51	18.80	180000
20070305	18.65	18.90	18.27	18.65	463200
20070302	18.51	19.20	18.51	19.11	116400
20070301	19.71	19.71	18.39	18.94	329600
20070228	19.75	19.99	19.41	19.59	337600
20070227	20.01	20.08	19.52	19.52	252400
20070226	20.41	20.41	20.06	20.12	62800
20070223	20.20	20.41	20.08	20.22	131200
20070222	20.46	20.46	20.14	20.35	56400
20070221	20.59	20.67	20.31	20.46	26800
20070220	20.10	20.50	19.92	20.50	114400
20070216	20.20	20.23	20.03	20.12	70000
20070215	19.95	20.21	19.90	20.05	162400
20070214	20.50	20.50	19.94	19.99	464400
20070213	20.11	20.28	20.00	20.06	52400
20070212	20.45	20.49	19.95	20.00	246800
20070209	20.96	20.96	20.38	20.45	190800
20070208	21.00	21.00	20.72	20.81	52000
20070207	21.22	21.22	20.80	20.93	129200
20070206	21.01	21.11	20.84	21.00	236800
20070205	21.10	21.25	20.91	21.19	429200
20070202	21.09	21.25	21.00	21.10	547200
20070201	21.22	21.30	21.09	21.20	147200
20070131	20.60	21.22	20.60	21.05	306800
20070130	20.88	20.88	20.39	20.60	57600
20070129	20.50	20.69	20.21	20.69	376800
20070126	20.51	20.60	20.32	20.50	90800
20070125	20.29	20.87	20.22	20.63	304400
20070124	19.55	20.22	19.24	20.22	222400
20070123	19.19	19.40	19.19	19.33	32000
20070122	18.94	19.25	18.86	19.02	236800
20070119	18.90	19.05	18.90	19.00	78400
20070118	18.99	19.04	18.72	18.90	211600
20070117	19.07	19.07	18.85	18.91	77200
20070116	19.28	19.38	19.10	19.14	152000
20070112	18.90	19.58	18.90	19.42	275600
20070111	18.83	18.96	18.60	18.90	62400
20070110	18.26	18.99	18.26	18.80	153600
20070109	18.80	18.80	18.30	18.41	146800
20070108	19.96	19.96	18.60	18.72	202000
20070105	19.75	19.75	18.52	18.69	111200
20070104	19.81	19.97	19.47	19.47	85200
20070103	19.72	20.28	18.35	20.10	159600
20061229	18.23	20.17	18.16	20.17	52800
20061228	20.03	20.14	19.96	20.05	30800
20061227	19.54	20.11	19.50	19.87	105200
20061226	20.57	20.57	19.83	19.84	1200
20061222	19.91	20.14	19.32	19.66	61600
20061221	20.70	20.72	20.09	20.10	37200
20061220	20.33	20.65	20.20	20.52	39200
20061219	20.42	20.43	20.06	20.30	87200
20061218	20.32	20.32	19.93	20.18	103600
20061215	19.77	20.50	19.62	19.91	237600
20061214	18.33	19.60	18.33	19.45	148400
20061213	18.87	18.87	18.45	18.84	272000
20061212	18.05	18.45	18.05	18.45	76000
20061211	18.10	18.21	18.09	18.13	36400
20061208	17.81	18.09	17.81	18.05	53200
20061207	18.08	18.13	17.77	17.87	271200
20061206	18.40	18.40	18.07	18.11	18800
20061205	17.30	18.66	17.30	18.47	26000
20061204	18.20	18.75	17.95	18.75	191600
20061201	18.07	18.09	17.87	18.05	376400
20061130	18.27	18.51	18.11	18.14	62000
20061129	18.72	18.78	18.14	18.48	144000
20061128	18.96	18.96	18.75	18.81	104000
20061127	19.08	19.15	18.88	19.02	66000
20061124	18.86	19.02	18.86	18.96	7200
20061122	19.03	19.08	18.97	19.01	18000
20061121	19.00	19.00	18.86	18.93	40800
20061120	18.91	19.18	18.78	18.85	514000
20061117	18.91	19.07	18.72	18.77	127200
20061116	19.00	19.15	18.98	19.06	114000
20061115	19.89	19.89	18.65	18.92	155200
20061114	19.60	19.60	19.13	19.49	232800
20061113	18.39	20.15	18.28	19.76	685600
20061110	18.95	19.02	18.25	18.76	333200
20061109	17.00	18.84	17.00	18.77	474400
20061108	16.53	16.65	16.51	16.61	56800
20061107	16.49	16.55	16.21	16.54	196800
20061106	16.18	16.40	16.09	16.33	16800
20061103	16.09	16.10	15.96	16.09	54000
20061102	16.50	16.50	15.53	15.70	275600
20061101	16.01	16.48	15.96	16.20	78000
20061031	16.32	16.51	16.24	16.43	48800
20061030	15.99	16.19	15.82	16.16	50000
20061027	15.46	15.73	15.03	15.65	67200
20061026	15.22	15.45	14.68	15.43	170400
20061025	15.64	15.64	15.30	15.33	20000
20061024	15.35	15.63	15.32	15.53	64000
20061023	15.30	15.53	15.21	15.39	212400
20061020	15.90	16.14	15.30	15.46	120400
20061019	15.93	16.20	15.93	16.07	12400
20061018	16.05	16.23	15.92	16.02	59600
20061017	16.06	16.27	16.00	16.12	60800
20061016	16.28	16.29	16.17	16.25	34000
20061013	16.56	16.56	15.92	16.16	100000
20061012	16.37	16.37	16.08	16.19	98800
20061011	16.43	16.52	16.16	16.35	46800
20061010	16.51	16.74	16.28	16.50	101600
20061009	16.70	16.82	16.56	16.63	51200
20061006	16.51	16.84	16.51	16.76	64000
20061005	16.66	16.81	16.63	16.77	76800
20061004	17.25	17.25	16.34	16.64	142400
20061003	16.52	16.94	16.36	16.66	113600
20061002	16.59	16.64	16.40	16.40	71600
20060929	16.16	16.45	16.16	16.45	18400
20060928	16.25	16.56	15.79	16.52	76800
20060927	16.16	16.40	15.80	16.10	177200
20060926	16.57	16.57	16.10	16.48	170800
20060925	17.20	17.20	16.50	16.50	144400
20060922	16.71	16.80	16.51	16.73	70000
20060921	16.75	16.82	16.55	16.67	456400
20060920	17.04	17.04	16.46	16.76	242800
20060919	17.27	17.27	16.53	16.62	616400
20060918	16.56	17.22	16.43	17.11	425600
20060915	14.83	16.54	14.83	16.51	334400
20060914	14.91	15.23	14.75	14.87	85200
20060913	15.17	15.18	14.51	15.07	67600
20060912	15.31	15.32	15.00	15.17	139200
20060911	15.30	15.33	15.01	15.25	131200
20060908	15.00	15.55	14.90	15.27	160800
20060907	16.00	16.00	15.00	15.01	49600
20060906	15.05	15.71	15.05	15.42	137200
20060905	15.40	15.55	15.08	15.50	67600
20060901	15.23	15.68	15.01	15.68	84800
20060831	14.05	15.43	14.05	15.06	94000
20060830	14.05	14.77	14.05	14.77	79600
20060829	14.30	14.64	14.06	14.43	54400
20060828	14.08	14.27	13.99	14.01	48400
20060825	14.15	14.15	14.05	14.13	22000
20060824	13.76	14.08	13.76	13.99	32800
20060823	14.00	14.18	13.76	13.88	168400
20060822	13.55	14.07	13.54	13.95	253200
20060821	14.57	14.57	13.97	14.17	66800
20060818	14.08	14.08	13.82	13.96	85600
20060817	14.08	14.08	13.46	13.78	200800
20060816	13.63	13.68	13.35	13.54	84800
20060815	13.49	13.50	13.23	13.23	74800
20060814	13.41	13.46	13.03	13.25	69600
20060811	13.57	13.57	13.22	13.22	29600
20060810	13.78	13.78	13.42	13.46	91600
20060809	13.76	13.88	13.36	13.62	172400
20060808	13.31	13.99	13.31	13.88	242400
20060807	13.50	14.38	13.29	13.31	102400
20060804	13.41	14.00	13.41	13.75	137600
20060803	12.44	13.94	12.44	13.80	368000
20060802	12.50	13.22	12.16	13.15	611200
20060801	12.00	12.21	11.99	12.15	220000
20060731	11.40	12.08	11.40	12.08	82800
20060728	11.63	11.74	11.46	11.52	113600
20060727	11.61	11.89	11.51	11.55	66000
20060726	11.50	11.70	11.46	11.53	92400
20060725	11.55	11.75	11.30	11.47	90400
20060724	12.00	12.00	11.55	11.80	104000
20060721	11.55	11.65	11.50	11.65	50000
20060720	11.61	11.81	11.61	11.80	144800
20060719	11.89	11.95	11.65	11.65	45600
20060718	11.87	12.08	11.03	11.78	142400
20060717	11.35	11.58	11.35	11.58	41200
20060714	11.68	11.68	11.30	11.53	62400
20060713	11.58	12.06	11.58	11.60	61600
20060712	12.04	12.15	11.58	11.86	310000
20060711	11.82	12.00	11.82	11.92	71600
20060710	11.50	11.80	10.50	11.75	100000
20060707	11.67	11.98	11.64	11.65	118000
20060706	11.37	11.89	11.37	11.77	53600
20060705	11.50	11.72	11.40	11.72	94000
20060703	11.87	11.87	10.61	11.32	102800
20060630	11.83	11.83	11.41	11.57	166000
20060629	10.68	11.50	10.68	11.37	263200
20060628	10.68	11.18	10.50	10.90	288800
20060627	11.78	12.00	11.19	11.29	142400
20060626	11.60	12.00	11.60	11.80	115200
20060623	11.98	12.18	10.17	11.58	2026800
20060622	12.70	12.70	12.70	12.70	400
20060621	12.51	12.51	12.51	12.51	000
20060620	12.51	12.63	12.51	12.51	8400
20060619	13.13	13.13	13.13	13.13	000
20060616	13.13	13.13	12.91	13.13	11200
20060615	14.06	14.06	14.06	14.06	000
20060614	14.06	14.06	14.06	14.06	000
20060613	14.06	14.06	14.03	14.06	7600