Date	Open	High	Low	Close	Volume
20130923	52.64	53.17	51.81	51.86	2802100
20130920	53.30	54.03	52.79	52.82	6033000
20130919	53.65	53.82	52.67	53.12	3515200
20130918	52.13	53.59	51.53	53.47	4296000
20130917	52.75	53.66	52.24	52.26	3860100
20130916	51.82	52.84	51.77	52.42	4292300
20130913	51.21	51.45	50.71	51.19	2190500
20130912	52.04	52.50	51.06	51.18	3606900
20130911	51.55	52.50	51.50	52.09	3976400
20130910	50.83	52.49	50.83	51.84	4634600
20130909	50.76	51.55	50.53	50.64	5147900
20130906	48.43	50.09	48.17	49.68	4194100
20130905	48.91	49.13	48.01	48.18	2585700
20130904	47.42	49.12	47.34	48.91	3431600
20130903	47.40	47.83	47.01	47.27	2171900
20130830	47.09	47.70	46.68	46.76	1775600
20130829	46.73	47.75	46.72	47.09	1781300
20130828	47.02	47.40	46.68	47.00	2330600
20130827	46.64	47.70	46.63	46.96	3416900
20130826	48.80	48.85	47.06	47.20	4206700
20130823	49.85	51.31	48.77	48.84	10149100
20130822	45.95	46.57	45.88	46.47	2093800
20130821	47.50	47.52	45.69	45.70	5322300
20130820	46.64	47.79	46.28	47.60	1940800
20130819	47.20	47.34	46.78	46.84	1737200
20130816	47.59	48.10	47.19	47.39	2785700
20130815	48.38	48.69	47.26	47.77	4104600
20130814	49.37	49.67	48.76	48.79	3839200
20130813	49.93	49.98	49.16	49.38	2169100
20130812	50.61	50.85	49.59	49.67	3352700
20130809	51.30	51.69	50.08	50.68	3152800
20130808	51.18	51.39	50.42	50.90	3231000
20130807	50.76	50.96	49.45	50.80	5061800
20130806	50.66	52.17	50.40	50.97	9019900
20130805	48.35	49.95	48.01	49.69	6839200
20130802	47.25	48.18	47.06	48.17	4207000
20130801	47.60	47.85	47.12	47.20	3755700
20130731	47.75	48.22	47.02	47.13	5098200
20130730	46.25	47.69	45.80	47.49	8095900
20130729	47.98	48.16	45.75	46.03	12644800
20130726	50.00	50.90	47.09	47.20	28259700
20130725	64.47	65.95	63.72	65.00	9929800
20130724	64.13	64.64	63.45	63.78	2650800
20130723	64.34	64.77	63.63	63.78	3565600
20130722	64.93	64.93	63.62	63.95	1855400
20130719	65.49	65.49	64.13	64.43	2876100
20130718	64.85	66.14	64.85	65.52	1621300
20130717	64.21	65.31	64.21	65.10	1438000
20130716	64.51	65.34	63.95	64.50	2592600
20130715	63.75	64.39	63.23	64.34	1097500
20130712	63.24	63.94	62.97	63.75	1465300
20130711	63.81	63.99	62.54	63.08	2272800
20130710	62.72	63.22	62.28	63.22	1290700
20130709	63.09	63.32	62.64	63.02	1951500
20130708	63.02	63.47	62.00	62.40	1868400
20130705	62.46	62.92	61.71	62.88	937600
20130703	61.18	62.04	61.17	61.68	911300
20130702	62.11	62.53	61.09	61.69	1552100
20130701	60.32	62.54	60.08	62.11	2870000
20130628	59.44	60.72	59.03	60.15	4310100
20130627	58.22	60.09	58.22	59.92	2147600
20130626	57.76	58.01	57.40	57.91	1679100
20130625	57.59	58.05	56.73	57.12	1660800
20130624	58.42	58.61	56.06	56.99	3027600
20130621	59.99	60.24	58.53	58.83	3060400
20130620	59.78	60.51	59.49	59.70	2097800
20130619	61.00	61.08	59.81	60.49	2607600
20130618	59.32	60.95	59.26	60.64	3047200
20130617	58.34	59.19	58.08	59.13	1832200
20130614	58.00	58.76	57.49	58.01	2718300
20130613	56.27	58.30	56.11	58.15	2150000
20130612	56.23	57.27	56.23	56.37	2479000
20130611	56.04	56.84	55.72	55.84	1105100
20130610	55.86	57.06	55.86	56.74	1343500
20130607	55.86	56.20	55.37	55.84	1774600
20130606	55.07	55.70	54.39	55.60	2059000
20130605	56.01	56.18	54.78	54.96	2432700
20130604	57.09	57.46	55.74	56.13	2595600
20130603	57.52	58.15	56.97	57.51	2316600
20130531	57.34	58.06	57.25	57.51	1968700
20130530	57.43	58.50	57.36	57.49	2126600
20130529	58.57	59.13	57.43	57.46	1932000
20130528	59.69	60.10	58.86	58.97	2488600
20130524	57.70	59.12	57.68	59.04	1719900
20130523	57.13	58.56	56.91	58.21	3630600
20130522	58.01	58.26	57.25	57.68	4652900
20130521	57.83	58.45	57.60	58.01	2775400
20130520	58.66	58.80	57.17	58.00	4061000
20130517	58.49	58.93	57.36	58.10	3775600
20130516	60.25	60.55	57.85	57.90	4312400
20130515	60.60	61.51	60.29	60.73	3404100
20130514	59.67	60.83	59.60	60.76	3780700
20130513	58.48	59.57	58.21	59.43	2672400
20130510	56.40	59.15	56.26	58.87	5054700
20130509	57.32	57.68	55.50	55.97	4438300
20130508	57.13	58.05	56.85	57.18	3387200
20130507	58.48	58.66	56.95	57.07	3966700
20130506	58.96	59.43	58.14	58.29	2665300
20130503	57.30	59.38	57.11	59.00	3871200
20130502	55.56	57.13	55.34	56.77	3943800
20130501	55.97	55.97	54.65	55.10	2722900
20130430	55.77	57.16	55.57	55.84	4115000
20130429	58.73	58.97	55.75	56.06	6415000
20130426	61.51	61.90	58.08	58.56	8904800
20130425	64.67	65.22	64.40	64.97	4795700
20130424	64.20	64.96	63.46	64.18	1489200
20130423	63.75	64.40	63.26	64.20	2022200
20130422	61.77	63.65	61.38	63.34	2598000
20130419	60.46	62.34	60.16	61.67	2515500
20130418	61.96	62.43	60.25	60.50	1580000
20130417	62.30	62.88	61.10	61.77	2059900
20130416	61.85	63.36	61.82	63.13	1634200
20130415	63.89	64.31	61.30	61.46	2176500
20130412	64.70	65.15	63.97	64.43	1134700
20130411	64.35	65.39	64.06	65.01	2052500
20130410	62.87	64.35	62.71	64.35	1476800
20130409	62.27	62.68	61.48	62.43	1284000
20130408	61.47	62.35	61.15	62.32	1270200
20130405	60.03	61.64	59.71	61.62	1364600
20130404	60.74	61.75	60.07	61.18	1263200
20130403	61.82	61.87	60.68	60.80	2498600
20130402	61.13	62.37	60.61	61.87	3091400
20130401	60.49	60.91	59.82	60.50	3274500
20130328	60.92	60.92	59.50	60.02	2732400
20130327	61.47	61.68	60.76	60.90	2602500
20130326	62.78	63.45	61.88	62.09	2001100
20130325	63.19	63.65	61.96	62.38	1267600
20130322	62.39	63.06	61.78	62.94	1945000
20130321	62.79	63.61	61.63	61.93	1846000
20130320	63.35	63.51	62.79	63.28	1798100
20130319	64.78	64.86	61.43	62.65	2878400
20130318	65.32	65.61	64.32	64.44	1494900
20130315	66.09	66.83	65.65	66.22	1676500
20130314	65.75	66.50	65.66	66.35	1304200
20130313	65.14	66.10	64.35	65.75	1499400
20130312	64.75	66.00	64.51	64.97	1752900
20130311	64.42	65.05	63.93	64.98	1770300
20130308	64.81	65.00	63.71	64.72	1561800
20130307	64.80	65.41	64.20	64.32	1279400
20130306	65.89	66.10	64.59	64.95	1731100
20130305	64.99	66.22	64.82	65.91	3362900
20130304	63.20	64.51	63.12	64.42	2172500
20130301	63.50	64.15	62.86	63.74	1788800
20130228	63.93	64.54	63.19	63.90	2806500
20130227	63.41	64.92	62.11	64.18	2052100
20130226	62.28	63.12	61.49	62.82	2227100
20130225	64.66	64.92	62.03	62.14	2079000
20130222	63.86	64.64	63.79	64.49	2044900
20130221	63.27	63.90	62.69	63.76	2904100
20130220	64.52	64.95	62.82	63.11	1828100
20130219	64.90	65.13	64.06	64.42	1906700
20130215	65.25	65.79	64.23	64.58	2602200
20130214	64.98	65.43	64.51	65.17	2404200
20130213	65.70	65.83	64.85	65.47	1871800
20130212	64.91	65.92	64.79	65.55	2169500
20130211	65.24	65.49	64.37	64.80	2153200
20130208	65.50	66.35	65.16	65.65	1791200
20130207	65.68	66.18	63.11	65.40	3856200
20130206	66.41	67.94	65.01	65.70	8686100
20130205	65.42	68.09	65.30	67.50	5181100
20130204	66.49	66.49	64.82	65.16	4664200
20130201	65.95	68.09	65.44	67.27	3878700
20130131	65.32	65.50	64.40	65.25	2170000
20130130	66.70	66.84	65.44	65.66	1385600
20130129	66.68	66.77	65.34	66.57	1595300
20130128	66.59	66.84	65.91	66.66	1688600
20130125	63.41	66.86	63.41	66.49	2728000
20130124	63.39	64.25	62.90	63.38	1346100
20130123	62.16	62.74	61.73	62.61	960700
20130122	62.50	62.81	61.22	61.99	1198000
20130118	63.12	63.12	61.99	62.24	2375400
20130117	62.84	63.33	62.18	62.86	1054700
20130116	64.20	64.20	62.58	62.69	1148300
20130115	62.58	64.08	62.15	63.52	1381200
20130114	62.61	63.35	62.00	62.88	1227700
20130111	62.71	62.98	62.25	62.61	1800700
20130110	64.37	64.49	62.25	62.77	1723400
20130109	64.79	64.81	63.54	63.69	2060000
20130108	64.43	64.77	63.90	64.75	1882500
20130107	63.90	64.66	63.55	64.41	1898700
20130104	62.83	64.69	62.61	64.46	1896400
20130103	63.11	64.51	62.69	62.83	2427700
20130102	62.61	63.25	62.15	63.25	2146100
20121231	59.27	61.71	58.90	61.44	2041200
20121228	59.71	60.30	59.33	59.36	1181300
20121227	57.98	60.73	57.98	60.30	2772400
20121226	59.75	59.80	57.84	57.93	887500
20121224	59.16	59.90	59.13	59.59	458300
20121221	60.05	60.60	59.21	59.59	2467000
20121220	60.89	61.20	59.96	60.91	1359700
20121219	61.70	61.91	60.73	60.78	1645000
20121218	60.54	61.97	60.00	61.44	2668400
20121217	59.29	60.72	59.00	60.66	2508100
20121214	59.23	59.38	58.55	58.99	1749900
20121213	60.11	60.47	58.40	59.34	2801100
20121212	59.65	60.71	58.99	60.57	3399600
20121211	59.39	60.35	58.83	60.00	4475700
20121210	59.81	60.11	57.34	57.71	2827200
20121207	59.89	60.82	59.75	59.88	2640200
20121206	59.94	60.26	59.32	59.68	1618400
20121205	60.12	60.62	59.35	60.09	1776900
20121204	60.51	60.60	59.52	59.92	2096500
20121203	61.93	61.95	60.65	60.78	1799600
20121130	61.51	62.21	61.00	61.86	2455600
20121129	61.84	62.80	61.03	61.59	1335600
20121128	60.86	61.77	60.00	61.73	1421100
20121127	60.98	61.58	60.10	60.83	1760200
20121126	60.34	61.48	60.11	60.94	2227700
20121123	60.16	60.65	59.51	60.59	840800
20121121	59.27	60.45	58.69	60.02	1870600
20121120	59.07	60.16	58.35	59.29	1843100
20121119	59.04	59.29	58.03	58.30	1525400
20121116	55.78	58.32	55.62	58.23	2480000
20121115	55.63	55.95	54.96	55.88	1724000
20121114	57.49	57.75	55.29	55.47	1886100
20121113	57.39	57.94	57.05	57.19	1594400
20121112	57.91	58.58	57.22	57.59	1431400
20121109	56.16	58.61	56.00	57.74	2760900
20121108	59.15	59.41	57.75	58.19	2003300
20121107	59.84	60.00	58.14	58.90	2641100
20121106	59.80	60.99	59.80	60.56	1994900
20121105	58.82	59.91	58.30	59.87	1688000
20121102	60.76	61.38	59.06	59.07	2890700
20121101	59.11	59.89	58.96	59.68	2002700
20121031	58.31	60.04	57.88	59.15	3290600
20121026	58.95	60.00	56.02	59.06	13240700
20121025	52.80	53.01	50.71	51.25	6638000
20121024	54.43	54.43	52.25	52.27	2764200
20121023	52.05	54.22	51.62	53.69	2945800
20121022	52.23	53.41	51.88	52.36	2440100
20121019	54.15	54.15	51.41	52.10	4278300
20121018	54.20	55.72	53.61	54.28	3845100
20121017	54.54	55.23	54.09	54.33	1747300
20121016	54.61	55.02	54.10	54.66	1655800
20121015	54.49	54.57	53.67	54.49	1518700
20121012	53.58	54.54	53.31	54.25	1801100
20121011	55.75	55.75	53.33	54.25	4186500
20121010	55.47	56.14	55.12	55.28	3508700
20121009	56.63	56.77	55.02	55.48	2825600
20121008	57.80	58.06	56.35	56.80	1880600
20121005	59.47	59.90	57.45	57.60	1731100
20121004	58.62	59.42	58.09	58.52	2108600
20121003	56.99	58.49	56.99	58.35	2506400
20121002	57.35	57.77	56.17	56.67	2357600
20121001	57.87	58.30	56.76	56.94	1788100
20120928	58.10	58.59	57.48	57.84	2332700
20120927	57.82	58.62	57.51	58.22	1149200
20120926	58.20	58.48	57.03	57.65	1992500
20120925	58.00	59.00	57.95	58.14	2406400
20120924	58.76	59.00	57.57	58.56	3197000
20120921	58.98	60.29	58.93	59.37	5994300
20120920	55.89	57.18	55.70	57.09	2290200
20120919	54.81	56.37	54.71	56.16	2779800
20120918	55.09	55.50	54.45	54.81	1408500
20120917	55.63	55.79	54.41	54.99	2112600
20120914	55.59	57.00	55.57	55.88	2431500
20120913	54.02	55.82	53.55	55.57	2754400
20120912	54.00	55.06	53.74	54.22	2732000
20120911	52.59	54.00	52.03	53.79	3875500
20120910	53.89	54.24	52.70	52.75	2576100
20120907	53.63	54.35	53.40	54.11	2445500
20120906	52.55	54.09	52.33	53.38	2631200
20120905	51.66	52.39	51.07	52.10	1816000
20120904	51.36	52.39	51.05	51.99	1840500
20120831	51.97	52.11	50.47	51.36	2960800
20120830	52.57	52.86	51.44	51.48	1592600
20120829	52.86	53.28	52.21	52.86	1357800
20120828	52.26	53.15	52.08	52.88	1987000
20120827	53.07	53.36	51.84	52.18	2056300
20120824	52.02	53.68	51.64	53.06	2978400
20120823	51.50	52.49	51.00	52.42	3071200
20120822	51.36	51.87	50.66	51.72	2110100
20120821	52.35	52.81	51.33	51.61	2568100
20120820	51.50	52.68	50.99	52.44	3610400
20120817	52.36	53.55	51.53	51.62	3233000
20120816	52.67	52.83	51.84	52.22	3297800
20120815	52.45	53.36	51.97	52.91	2329900
20120814	53.29	53.60	52.12	52.31	3274300
20120813	55.02	55.03	53.08	53.83	3130300
20120810	55.92	55.99	53.56	54.44	3323300
20120809	56.29	56.78	55.76	55.96	2093200
20120808	56.63	58.15	54.63	56.14	7823300
20120807	58.79	59.50	58.44	58.87	4809700
20120806	57.77	58.61	57.17	58.42	2459400
20120803	57.21	58.80	57.01	57.45	2925100
20120802	56.05	56.95	55.48	56.80	2017100
20120801	57.35	57.40	56.03	56.40	2297600
20120731	55.64	57.49	55.25	56.99	4443600
20120730	54.90	56.68	54.67	56.12	5272400
20120727	53.68	58.40	53.66	54.90	17453800
20120726	45.09	45.94	43.56	45.71	6510900
20120725	45.67	46.41	43.75	44.25	5102800
20120724	46.52	47.08	45.82	46.32	3246900
20120723	46.19	46.63	44.70	46.38	2791100
20120720	47.41	47.82	46.66	47.10	2454000
20120719	46.69	48.79	46.47	47.56	3406500
20120718	45.28	46.80	45.08	46.55	2860600
20120717	45.70	46.45	44.62	45.93	2762500
20120716	45.37	45.80	44.51	45.22	2686500
20120713	44.31	45.91	43.44	45.67	2832000
20120712	44.99	45.12	43.60	44.06	4371100
20120711	45.85	46.23	45.09	45.61	2343100
20120710	48.01	48.58	45.29	45.72	4956700
20120709	47.76	47.86	47.04	47.47	1833000
20120706	48.15	48.70	47.02	47.72	2075100
20120705	48.43	49.23	48.31	48.33	2021200
20120703	49.10	49.36	48.04	48.67	1690600
20120702	48.22	49.52	48.08	49.19	3527000
20120629	47.40	48.52	47.26	48.07	3498900
20120628	46.19	46.35	44.64	46.21	2552500
20120627	46.72	47.44	46.07	46.61	2287300
20120626	46.50	47.09	45.94	46.40	2548600
20120625	47.86	47.86	46.06	46.25	3010000
20120622	47.70	48.38	47.63	48.03	4121400
20120621	48.14	48.81	47.58	47.83	3601600
20120620	48.56	48.94	46.62	47.95	5161900
20120619	48.70	49.63	48.20	48.49	6189700
20120618	49.95	50.66	49.44	49.96	4508200
20120615	47.53	50.23	47.31	50.05	6173200
20120614	47.44	47.75	46.87	47.53	3302200
20120613	47.56	47.99	46.54	47.43	6496000
20120612	48.25	49.12	47.91	48.73	3528300
20120611	48.50	48.79	47.52	48.02	3979000
20120608	46.25	48.06	45.85	47.85	3687500
20120607	47.40	47.78	45.93	46.03	3461600
20120606	45.59	46.96	45.54	46.69	2392100
20120605	44.58	45.42	44.28	45.18	2754700
20120604	44.64	45.43	43.91	44.93	3682600
20120601	45.17	45.87	43.95	44.65	4992000
20120531	45.36	46.49	44.59	45.89	5920100
20120530	45.03	46.34	44.04	45.46	4456100
20120529	45.57	45.78	44.45	45.30	2274600
20120525	45.41	45.55	44.46	44.89	2830500
20120524	45.68	45.84	44.95	45.25	4615400
20120523	42.67	46.07	42.30	45.61	9000000
20120522	42.50	43.21	42.28	42.71	2873000
20120521	40.83	42.47	40.53	42.35	2918800
20120518	41.35	41.57	40.57	40.72	4427100
20120517	42.95	43.01	40.99	41.10	4219400
20120516	41.88	43.22	41.71	43.01	5665400
20120515	40.80	42.31	40.80	41.68	4018900
20120514	40.83	42.07	40.63	41.40	3611700
20120511	40.81	41.45	40.36	41.11	3310100
20120510	41.00	41.54	40.29	40.91	3673400
20120509	40.49	41.74	40.09	41.14	3562000
20120508	40.77	41.13	39.95	41.10	4096800
20120507	41.07	41.38	40.50	40.90	4814200
20120504	41.02	41.52	40.83	40.98	3603900
20120503	42.46	42.46	41.26	41.43	6038300
20120502	41.69	42.73	41.28	42.45	4091000
20120501	40.85	42.67	40.70	41.64	8152100
20120430	40.08	43.92	39.90	42.65	12950100
20120427	39.19	43.00	39.00	40.31	24788000
20120426	32.36	32.88	31.57	32.63	5905300
20120425	31.70	32.36	31.44	32.32	3147500
20120424	31.51	31.75	31.16	31.54	2313400
20120423	31.77	31.83	30.99	31.39	2375200
20120420	31.75	31.98	31.61	31.94	3464400
20120419	31.35	31.98	31.33	31.55	3206800
20120418	31.20	31.82	31.10	31.49	3395300
20120417	31.19	31.60	31.13	31.18	2814500
20120416	31.95	31.95	30.97	31.21	2821400
20120413	32.02	32.27	31.76	31.81	2783100
20120412	32.00	32.33	31.81	32.02	3585200
20120411	32.14	32.49	31.81	31.89	3045200
20120410	32.37	32.85	31.63	31.71	3518800
20120409	32.43	32.54	32.18	32.35	2047300
20120405	32.32	32.95	32.22	32.90	2310100
20120404	33.03	33.03	31.98	32.32	3932600
20120403	33.38	33.62	33.06	33.25	2673900
20120402	33.25	33.63	32.85	33.33	3415800
20120330	33.47	33.74	33.23	33.44	4866600
20120329	32.45	33.37	32.35	33.25	6509200
20120328	34.00	34.17	32.26	32.54	12867100
20120327	34.25	34.65	34.08	34.12	5975300
20120326	34.45	35.57	34.39	35.44	3297800
20120323	34.14	34.22	33.66	34.14	1744000
20120322	33.67	34.38	33.54	34.22	1819900
20120321	33.70	34.20	33.70	34.01	1297400
20120320	33.98	34.02	33.58	33.81	1697500
20120319	33.50	34.29	33.36	34.15	2242900
20120316	33.17	33.74	33.17	33.61	3489200
20120315	32.36	33.41	32.31	33.27	3218400
20120314	32.39	32.71	32.19	32.41	2503000
20120313	32.30	32.64	32.04	32.53	2558300
20120312	31.96	32.17	31.77	32.09	3405800
20120309	32.41	32.44	31.43	31.71	6208900
20120308	33.01	33.03	31.94	32.32	5195800
20120307	32.68	33.11	32.14	32.89	3541400
20120306	32.99	33.36	32.72	32.77	3868000
20120305	33.38	33.54	33.03	33.39	2780700
20120302	33.83	34.29	33.50	33.64	2542500
20120301	33.96	34.47	33.96	34.07	3673400
20120229	33.74	34.24	33.52	34.05	3371700
20120228	33.37	34.40	33.30	33.79	3953400
20120227	32.81	33.41	32.76	33.14	3288500
20120224	33.26	33.38	32.91	32.97	2324100
20120223	33.07	33.56	32.83	33.25	2547700
20120222	33.13	33.44	32.95	33.01	1367400
20120221	33.18	33.32	32.83	33.02	3282500
20120217	33.33	33.52	32.97	33.07	2278500
20120216	33.70	34.01	32.87	33.27	4108400
20120215	33.86	34.12	33.25	33.42	3423000
20120214	34.36	34.75	33.70	33.92	3924000
20120213	33.80	34.49	33.70	34.41	3428300
20120210	31.91	33.67	31.86	33.54	7129100
20120209	33.42	34.23	32.24	34.16	8257100
20120208	33.75	34.12	33.37	33.65	4155600
20120207	33.36	34.07	33.13	34.04	3557800
20120206	34.01	34.11	33.42	33.57	3421500
20120203	33.40	34.25	32.89	34.22	4274100
20120202	32.92	33.23	32.80	33.02	2175300
20120201	32.43	33.06	32.21	32.93	3499400
20120131	32.07	32.44	31.79	32.37	4042300
20120130	31.58	32.07	31.30	31.99	4118800
20120127	31.09	32.16	31.01	31.80	4695200
20120126	31.41	31.58	30.94	31.11	2365600
20120125	31.44	31.59	31.07	31.22	2677200
20120124	30.76	31.53	30.33	31.40	2783500
20120123	31.15	31.62	30.85	30.91	3679100
20120120	31.25	31.41	30.67	31.04	3131800
20120119	31.18	31.43	30.67	31.33	4779200
20120118	29.33	31.25	29.04	30.88	7261800
20120117	28.88	29.71	28.87	29.69	4236600
20120113	28.70	28.74	28.02	28.67	3684200
20120112	29.31	29.51	28.59	28.87	2923900
20120111	29.21	29.70	28.84	29.31	3199300
20120110	28.78	29.55	28.78	29.50	3227200
20120109	29.58	29.75	28.38	28.63	4720300
20120106	28.79	29.91	28.76	29.25	4891300
20120105	28.90	28.92	28.26	28.77	3828700
20120104	29.46	29.66	28.50	29.03	3447200
20120103	29.75	30.19	29.50	29.66	3565000
20111230	29.37	29.48	28.88	29.02	2462900
20111229	29.73	29.73	29.00	29.34	2363700
20111228	30.27	30.40	29.21	29.55	3636800
20111227	29.97	30.42	29.38	30.07	2759000
20111223	29.44	30.08	29.21	30.04	3769100
20111222	28.00	29.32	27.93	29.15	5029000
20111221	27.38	28.30	27.28	27.89	5279100
20111220	27.93	28.68	27.93	28.55	932400
20111219	28.17	28.25	27.47	27.57	1708500
20111216	27.74	28.23	27.59	27.98	2547400
20111215	27.67	27.81	27.31	27.59	2302400
20111214	27.92	27.92	26.88	27.37	2130800
20111213	28.64	28.82	27.82	27.93	1662000
20111212	28.30	28.46	28.11	28.43	2077200
20111209	28.08	28.83	28.03	28.50	1738600
20111208	28.31	28.90	27.71	28.04	2647000
20111207	28.67	29.54	28.24	29.21	2015000
20111206	29.00	29.01	28.62	28.81	1661700
20111205	28.53	29.33	28.24	28.92	1730200
20111202	28.19	28.88	28.05	28.10	2091500
20111201	27.98	28.50	27.76	28.03	1729500
20111130	28.03	28.19	27.59	27.82	2016800
20111129	27.02	27.67	26.77	27.38	1655600
20111128	26.77	27.07	26.15	26.94	1852400
20111125	25.75	26.45	25.69	26.11	857400
20111123	26.54	26.54	25.70	25.85	2151400
20111122	26.60	26.85	25.69	26.80	3075400
20111121	27.10	27.20	26.44	26.90	2634600
20111118	27.13	27.90	26.99	27.46	2494600
20111117	27.90	27.90	26.62	27.01	1734900
20111116	27.86	28.65	27.62	27.86	1421400
20111115	27.63	28.30	27.44	28.18	1526200
20111114	27.82	27.99	27.58	27.77	751600
20111111	27.77	28.14	27.31	27.98	1081600
20111110	27.32	27.73	27.00	27.47	1831100
20111109	27.75	27.78	26.71	27.02	2321200
20111108	28.27	28.71	27.81	28.22	2136000
20111107	28.11	28.94	27.94	28.84	2138600
20111104	27.84	28.42	27.53	28.37	1217500
20111103	27.77	28.25	27.38	28.14	1516300
20111102	27.37	28.05	27.34	27.61	2382000
20111101	25.62	27.52	25.44	27.38	3791600
20111031	27.00	27.13	26.03	26.26	3150500
20111028	28.06	28.96	26.81	27.28	5362600
20111027	28.49	29.40	28.46	29.09	2920800
20111026	28.07	28.36	27.35	28.17	1827100
20111025	28.59	28.65	27.74	27.98	3180100
20111024	27.82	29.00	27.82	28.86	2007400
20111021	27.44	27.95	27.36	27.82	1573400
20111020	27.41	27.61	26.68	27.20	1940600
20111019	27.99	28.17	27.20	27.36	1311600
20111018	27.80	28.12	27.20	28.00	1657500
20111017	27.75	28.16	27.41	27.78	1875000
20111014	28.56	28.73	27.65	28.01	2047700
20111013	28.03	28.35	27.65	28.22	1900100
20111012	28.43	28.60	27.99	28.23	2782600
20111011	27.86	28.54	27.46	28.23	1563000
20111010	27.39	28.24	27.37	27.96	1673600
20111007	27.25	27.36	26.65	26.98	1567400
20111006	25.98	27.21	25.63	27.15	2641800
20111005	25.22	26.07	24.62	25.93	3281600
20111004	24.26	25.25	23.85	25.20	4670000
20111003	25.60	25.83	24.26	24.31	4393200
20110930	26.75	26.76	25.74	25.75	3270700
20110929	28.91	29.01	26.37	27.10	3614600
20110928	29.02	29.51	28.43	28.56	2362200
20110927	29.25	29.53	28.49	28.91	2844600
20110926	28.24	28.55	27.15	28.44	3120600
20110923	26.42	27.35	26.25	27.17	2528900
20110922	27.85	27.85	26.08	26.58	4270900
20110921	28.77	29.35	28.17	28.22	2991700
20110920	28.92	29.31	28.30	28.87	3096000
20110919	29.23	29.35	28.59	28.79	2939600
20110916	29.64	29.95	29.35	29.60	2410000
20110915	30.00	30.03	29.45	29.54	1920200
20110914	29.58	29.99	28.75	29.71	2675900
20110913	29.73	30.00	29.50	29.78	1690800
20110912	28.63	29.67	28.47	29.64	2094600
20110909	29.84	30.21	28.93	29.13	2429600
20110908	30.31	30.73	29.87	30.00	1677100
20110907	30.26	30.80	30.02	30.45	2271700
20110906	28.67	29.77	28.48	29.77	2072400
20110902	29.20	29.85	29.00	29.24	4109400
20110901	30.39	30.94	30.13	30.20	2084900
20110831	30.20	30.74	29.90	30.31	2080600
20110830	29.24	30.25	29.24	29.99	2947000
20110829	28.30	29.31	28.29	29.26	4438000
20110826	27.15	28.18	26.61	28.03	3064600
20110825	27.78	28.03	27.11	27.23	4762900
20110824	27.47	27.79	26.97	27.74	1706800
20110823	26.84	27.69	26.45	27.64	2460400
20110822	26.98	27.37	26.75	26.80	2464700
20110819	26.21	27.27	26.21	26.53	2600200
20110818	28.29	28.43	26.64	27.05	2778400
20110817	29.41	29.66	28.27	28.92	2625000
20110816	29.33	29.49	28.89	29.34	2124200
20110815	28.95	29.72	28.91	29.63	2387800
20110812	28.56	29.00	28.19	28.77	1362900
20110811	27.57	28.76	27.16	28.43	2563200
20110810	27.80	28.20	27.10	27.45	2729200
20110809	27.03	28.33	26.59	28.31	3605200
20110808	27.77	28.25	26.49	26.78	3911100
20110805	29.44	29.57	27.97	28.58	4669800
20110804	30.18	30.30	28.87	28.87	3833200
20110803	30.44	30.68	29.70	30.64	2669000
20110802	31.14	31.67	30.43	30.45	2739100
20110801	31.69	31.85	30.83	31.40	3453400
20110729	30.51	32.89	29.91	31.69	7709300
20110728	29.68	29.72	28.60	28.99	3341000
20110727	30.67	30.93	29.74	29.76	1812600
20110726	30.17	30.93	30.13	30.59	2189600
20110725	29.93	30.56	29.90	30.17	1449400
20110722	30.10	30.40	29.87	30.05	1786700
20110721	29.47	30.60	29.26	30.05	2154500
20110720	30.28	30.41	29.80	29.90	2072600
20110719	30.04	30.60	29.93	30.32	3630000
20110718	30.10	30.19	29.41	29.75	2102800
20110715	30.33	30.69	29.92	30.26	1797000
20110714	30.81	30.91	29.93	30.21	1831100
20110713	30.71	31.01	30.41	30.61	2199600
20110712	30.30	30.91	29.95	30.57	3558100
20110711	30.26	30.84	30.00	30.39	2319800
20110708	29.89	30.68	29.57	30.68	1848000
20110707	30.11	30.32	29.84	30.25	1785400
20110706	29.93	30.00	29.55	29.88	1609600
20110705	29.49	29.95	29.26	29.93	2412900
20110701	28.96	29.63	28.89	29.54	1136600
20110630	28.70	29.14	28.55	28.99	1514600
20110629	28.51	28.81	28.06	28.59	1705000
20110628	28.06	28.43	27.92	28.43	1969000
20110627	27.97	28.61	27.86	27.89	3188500
20110624	28.30	28.77	27.92	27.96	2139400
20110623	27.74	28.36	27.33	28.29	2404400
20110622	28.25	28.79	28.06	28.07	2358400
20110621	27.44	28.37	27.19	28.28	3721700
20110620	27.10	27.45	27.00	27.37	1906600
20110617	27.38	27.38	26.99	27.03	2007800
20110616	27.23	27.34	26.72	27.01	1910200
20110615	27.43	27.64	27.05	27.23	2276600
20110614	27.77	28.18	27.70	27.72	2549800
20110613	27.07	27.69	27.05	27.48	2399000
20110610	27.14	27.28	26.88	27.00	1885000
20110609	27.11	27.47	26.94	27.32	1727300
20110608	26.87	27.21	26.67	27.15	3280000
20110607	27.51	27.61	26.88	26.89	2812800
20110606	27.60	27.74	26.86	26.93	2323000
20110603	27.63	28.06	27.47	27.63	2281600
20110602	27.78	28.03	27.63	27.92	2114000
20110601	27.69	28.30	27.44	27.80	3924800
20110531	27.87	28.15	27.67	28.01	2190600
20110527	27.38	27.95	27.33	27.69	1561100
20110526	27.29	27.40	27.11	27.36	1595000
20110525	27.33	27.47	27.14	27.33	1440600
20110524	27.65	28.00	27.33	27.36	2050000
20110523	27.25	27.91	26.86	27.55	2797600
20110520	27.28	28.09	27.22	27.57	5001800
20110519	26.74	27.34	26.70	27.26	3873000
20110518	25.63	27.05	25.58	26.64	6489400
20110517	24.95	25.63	24.95	25.56	3486600
20110516	25.30	25.34	24.94	24.95	2551600
20110513	25.35	25.60	25.16	25.17	2397200
20110512	25.09	25.33	24.75	25.12	1923900
20110511	25.31	25.42	24.84	25.08	1949400
20110510	25.50	25.57	25.27	25.35	1748300
20110509	25.27	25.54	25.08	25.40	2666800
20110506	25.06	25.47	24.88	25.26	3314000
20110505	24.56	25.04	24.26	24.73	1783200
20110504	24.94	25.15	24.70	24.72	3086200
20110503	25.33	25.45	24.74	24.98	2331600
20110502	25.60	25.61	25.20	25.37	2586800
20110429	24.67	25.61	24.46	25.02	6150000
20110428	24.34	24.74	24.15	24.68	3450000
20110427	24.39	24.55	24.20	24.25	4068800
20110426	24.51	24.51	24.22	24.38	2998800
20110425	23.85	24.60	23.83	24.38	3755800
20110421	23.65	23.99	23.48	23.84	1884900
20110420	23.52	23.89	23.40	23.59	2022500
20110419	23.37	23.49	23.02	23.29	2464900
20110418	23.50	23.72	23.26	23.41	3103400
20110415	23.72	23.89	23.45	23.66	2565700
20110414	23.84	23.97	23.32	23.65	3126100
20110413	24.28	24.34	23.71	23.99	2672400
20110412	24.36	24.40	24.02	24.21	3986200
20110411	25.24	25.44	24.40	24.52	7334800
20110408	25.43	25.75	24.45	25.30	20887200
20110407	22.39	22.60	22.11	22.40	3217400
20110406	22.88	22.93	22.26	22.48	2853600
20110405	23.50	23.55	22.71	22.72	4983600
20110404	22.36	22.50	22.00	22.43	1772800
20110401	22.74	22.88	22.15	22.26	2596000
20110331	22.66	22.83	22.43	22.66	2630300
20110330	22.21	22.84	22.05	22.83	3139600
20110329	21.66	22.05	21.53	21.99	2277400
20110328	21.99	22.01	21.49	21.62	2822200
20110325	21.97	22.32	21.77	21.83	2231400
20110324	21.62	21.97	21.53	21.86	1753700
20110323	21.48	21.65	21.28	21.53	2852800
20110322	21.60	21.72	21.50	21.58	3610300
20110321	21.66	21.97	21.55	21.60	3347600
20110318	21.77	21.78	21.32	21.32	4215200
20110317	21.74	21.78	21.48	21.54	4542300
20110316	21.46	21.76	21.36	21.49	6849400
20110315	21.07	21.83	20.89	21.69	4536200
20110314	21.64	21.80	21.40	21.70	3815800
20110311	21.32	21.91	21.23	21.80	3504100
20110310	21.21	21.51	20.81	21.47	4455000
20110309	21.71	21.78	21.28	21.45	3802500
20110308	21.48	21.79	21.16	21.60	6290800
20110307	20.70	21.05	20.57	21.00	5436000
20110304	20.12	20.79	20.11	20.78	5268900
20110303	20.12	20.30	20.01	20.20	4482900
20110302	19.63	20.07	19.61	19.90	5442500
20110301	20.02	20.08	19.62	19.69	3069800
20110228	20.14	20.16	19.84	19.86	3371900
20110225	20.32	20.32	19.89	20.14	3398800
20110224	20.45	20.57	19.96	20.27	3705000
20110223	20.38	20.65	20.12	20.32	3773900
20110222	20.80	21.00	20.31	20.36	3694900
20110218	21.01	21.12	20.85	20.96	3401500
20110217	21.24	21.26	20.99	21.01	3180000
20110216	21.90	21.90	21.19	21.19	4214600
20110215	21.73	21.98	21.61	21.71	4755800
20110214	21.63	22.09	21.32	21.69	6680000
20110211	21.93	22.09	20.99	21.31	23723300
20110210	25.35	25.90	25.18	25.69	3036200
20110209	25.88	26.04	25.23	25.43	2032900
20110208	25.33	26.06	25.23	25.98	3064600
20110207	25.39	25.58	25.18	25.30	1872000
20110204	25.00	25.47	24.88	25.25	1582800
20110203	25.35	25.43	24.90	24.98	1488500
20110202	25.19	25.48	25.09	25.23	1444500
20110201	25.32	25.74	25.19	25.32	1627400
20110131	24.98	25.22	24.52	25.16	2063600
20110128	25.35	25.37	24.78	24.98	2101400
20110127	25.49	25.80	25.22	25.39	1856800
20110126	25.75	25.75	25.25	25.34	2333800
20110125	25.95	25.96	25.46	25.76	1232400
20110124	26.02	26.10	25.67	25.98	3044100
20110121	26.58	26.71	25.90	25.98	2799800
20110120	26.29	26.72	26.02	26.29	1547000
20110119	26.52	26.77	26.18	26.34	2514700
20110118	27.29	27.41	26.39	26.69	2609800
20110114	26.95	27.31	26.65	27.30	2718100
20110113	26.58	27.91	26.35	27.12	4931100
20110112	26.46	26.70	26.11	26.65	3462600
20110111	25.67	26.36	25.48	26.36	4301600
20110110	25.49	25.56	25.20	25.51	1802800
20110107	25.21	25.66	25.05	25.62	2192800
20110106	25.42	25.45	24.80	25.10	2088000
20110105	24.78	25.85	24.65	25.43	5166600
20110104	24.99	25.12	24.40	24.42	3970800
20110103	25.15	25.24	23.76	24.79	5878100
20101231	25.31	25.33	24.89	25.09	1020200
20101230	25.53	25.58	24.84	25.28	1389800
20101229	25.49	25.74	25.45	25.58	1105600
20101228	25.58	25.78	25.45	25.48	1389000
20101227	26.24	26.26	25.45	25.57	1762300
20101223	26.56	26.67	26.06	26.33	1128600
20101222	27.16	27.27	26.49	26.62	1481200
20101221	27.03	27.53	27.03	27.19	1926300
20101220	26.85	27.06	26.32	26.90	2308800
20101217	26.35	26.84	26.07	26.83	4344500
20101216	25.87	26.18	25.64	25.98	1541100
20101215	25.67	26.25	25.48	25.69	2916400
20101214	26.16	26.24	25.46	25.57	2905400
20101213	27.59	27.60	26.13	26.13	2948800
20101210	27.30	27.45	27.01	27.44	1261600
20101209	27.13	27.21	26.78	27.17	1401600
20101208	26.88	27.05	26.69	27.01	823600
20101207	27.45	27.60	26.87	26.93	1263400
20101206	27.03	27.24	26.89	27.19	1511000
20101203	26.92	27.36	26.90	27.05	1339800
20101202	26.82	27.08	26.66	26.96	1651200
20101201	27.16	27.60	26.75	26.79	2034600
20101130	26.46	26.57	26.25	26.33	2436000
20101129	26.10	26.97	26.08	26.78	2623600
20101126	26.02	26.53	25.94	26.37	1086100
20101124	25.60	26.30	25.60	26.22	1772300
20101123	25.63	25.64	25.03	25.36	2138600
20101122	25.78	26.08	25.40	25.87	2310200
20101119	26.42	26.56	25.99	26.21	1425400
20101118	26.30	26.83	26.24	26.45	2159400
20101117	25.55	26.12	25.45	26.06	1659200
20101116	25.46	25.88	25.37	25.50	3353600
20101115	26.86	26.99	25.68	25.82	3054200
20101112	27.13	27.27	26.36	26.66	1889500
20101111	27.11	27.44	26.80	27.32	988400
20101110	27.30	27.51	26.95	27.46	1130600
20101109	28.19	28.35	27.15	27.35	2415100
20101108	27.21	28.02	27.06	28.02	3333200
20101105	27.34	27.82	27.19	27.30	4172300
20101104	28.95	28.96	26.63	27.17	6803800
20101103	28.67	28.70	28.17	28.68	2173000
20101102	28.93	28.94	28.53	28.69	1391200
20101101	28.98	29.25	28.29	28.54	1829800
20101029	29.05	29.35	28.10	28.95	4516100
20101028	29.50	29.50	28.46	29.14	4226200
20101027	28.01	29.05	28.00	29.00	3314200
20101026	28.54	28.81	27.86	28.29	2557000
20101025	28.59	29.37	28.26	28.59	1980400
20101022	28.00	28.66	27.85	28.28	1804200
20101021	27.50	28.31	27.50	27.89	1917600
20101020	27.09	27.42	26.92	27.16	1752500
20101019	27.18	27.34	26.52	26.85	1913400
20101018	27.75	27.85	27.34	27.45	2483000
20101015	27.92	28.28	27.50	27.82	2819800
20101014	28.29	28.34	27.40	27.70	1777000
20101013	28.09	28.55	27.95	28.29	1537600
20101012	28.46	28.46	27.26	27.91	3309100
20101011	28.32	29.05	28.32	28.50	1891400
20101008	27.58	28.35	27.55	28.29	2254400
20101007	27.99	28.37	27.65	28.26	2279600
20101006	28.22	28.32	27.36	27.70	1656600
20101005	27.56	28.43	27.49	28.30	1989500
20101004	27.80	27.80	26.98	27.17	2241400
20101001	28.65	28.65	27.39	27.71	3653300
20100930	28.81	29.08	27.93	28.23	2668800
20100929	28.85	29.30	28.31	28.41	3037800
20100928	29.56	29.75	28.69	29.01	3027100
20100927	29.27	29.57	28.80	29.29	2294500
20100924	28.62	29.85	28.61	29.64	2873500
20100923	28.24	28.73	28.04	28.31	2107400
20100922	28.30	28.98	28.24	28.40	2278600
20100921	28.87	28.93	28.42	28.65	3237000
20100920	28.16	28.96	28.03	28.85	4042000
20100917	27.95	28.90	27.91	28.76	5324500
20100916	26.64	27.71	26.53	27.69	3015900
20100915	26.63	26.90	26.26	26.66	1779600
20100914	26.32	26.94	26.18	26.84	2095600
20100913	26.16	26.55	26.06	26.50	1970900
20100910	25.65	26.35	25.41	25.86	1884200
20100909	25.44	25.79	25.09	25.54	2104600
20100908	24.78	25.32	24.78	25.19	2431600
20100907	25.29	25.40	24.61	24.64	1654600
20100903	25.73	25.98	25.10	25.41	1506800
20100902	24.43	25.48	24.43	25.38	2526100
20100901	23.47	24.51	23.30	24.49	2902600
20100831	22.53	23.09	22.30	22.86	2201400
20100830	23.30	23.39	22.74	22.74	1420200
20100827	23.22	23.50	22.79	23.41	2324800
20100826	23.21	23.40	22.93	23.07	2173000
20100825	22.36	23.12	22.31	23.02	2680000
20100824	23.09	23.24	22.58	22.61	3288000
20100823	23.81	24.04	23.51	23.54	2615700
20100820	23.48	23.71	23.23	23.64	1705600
20100819	23.56	23.79	23.00	23.50	2514400
20100818	24.18	24.31	23.72	23.74	4532000
20100817	24.00	24.60	23.91	24.32	1739100
20100816	23.48	23.89	23.34	23.82	2738000
20100813	23.61	24.03	23.57	23.68	2011800
20100812	23.26	23.83	23.25	23.77	3141600
20100811	23.89	24.02	23.40	23.57	3056400
20100810	24.23	24.83	23.97	24.68	2354200
20100809	24.75	24.97	24.25	24.53	3174400
20100806	23.65	24.62	23.65	24.61	2913900
20100805	23.98	24.37	23.73	24.27	2465800
20100804	23.58	24.47	23.23	24.32	5637000
20100803	22.62	23.02	22.59	22.86	2877500
20100802	22.93	23.25	22.61	22.77	3350000
20100730	21.50	23.08	21.16	22.68	7689500
20100729	21.41	21.81	20.79	21.07	3540800
20100728	21.60	21.96	20.96	21.30	2657300
20100727	21.69	21.89	21.44	21.61	3213200
20100726	21.91	21.99	21.41	21.60	2738200
20100723	21.16	21.99	20.98	21.96	2940800
20100722	20.83	21.49	20.70	21.19	2002800
20100721	20.80	21.03	20.37	20.61	2754100
20100720	19.92	20.78	19.81	20.76	2384200
20100719	20.13	20.44	19.91	20.34	2062400
20100716	20.62	20.81	19.98	20.04	2601800
20100715	20.31	20.71	19.99	20.65	2957800
20100714	19.79	20.50	19.50	20.26	3310600
20100713	19.10	19.85	19.03	19.70	4107900
20100712	18.80	18.96	18.54	18.82	3105800
20100709	18.70	18.92	18.60	18.88	3321600
20100708	19.34	19.50	18.79	18.98	2843600
20100707	18.66	19.22	18.51	19.16	2030700
20100706	18.53	19.19	18.35	18.51	2536500
20100702	18.90	18.95	18.30	18.33	3122000
20100701	18.74	19.16	18.35	18.98	2603800
20100630	18.85	19.42	18.69	18.78	2337300
20100629	19.36	19.57	18.87	18.93	4380200
20100628	19.69	19.99	19.58	19.70	2428400
20100625	19.41	19.72	19.19	19.56	3579500
20100624	20.05	20.27	19.27	19.38	3364400
20100623	20.51	20.67	20.09	20.21	2714200
20100622	20.54	21.01	20.37	20.43	3194400
20100621	21.22	21.38	20.27	20.44	2071600
20100618	20.98	21.19	20.80	20.97	3173400
20100617	21.71	21.71	20.67	20.88	3013500
20100616	21.45	21.81	21.23	21.63	2948400
20100615	21.02	21.53	20.70	21.50	2241200
20100614	20.72	21.15	20.39	20.80	1955400
20100611	20.20	20.56	20.11	20.55	1690300
20100610	20.13	20.57	19.94	20.55	2035800
20100609	19.82	20.37	19.74	19.80	2566300
20100608	19.82	20.08	19.18	19.72	3622800
20100607	20.28	20.72	19.83	19.88	2366300
20100604	20.87	21.04	20.04	20.18	3494400
20100603	21.22	21.40	20.80	21.33	4540400
20100602	21.05	21.38	20.82	21.35	2792600
20100601	21.43	21.93	21.00	21.00	2160400
20100528	21.98	22.21	21.34	21.56	2464800
20100527	22.25	22.25	21.69	22.04	2509000
20100526	21.75	22.05	21.47	21.64	2641000
20100525	20.86	21.63	20.60	21.61	3801900
20100524	21.70	22.18	21.50	21.53	2903800
20100521	21.45	22.10	20.95	21.78	4332800
20100520	22.04	22.39	21.41	21.67	3185600
20100519	22.53	23.03	22.04	22.64	3413000
20100518	23.27	23.89	22.60	22.70	4252000
20100517	22.97	23.14	22.39	23.11	3291700
20100514	23.32	23.35	22.49	22.80	2490100
20100513	23.33	23.75	23.32	23.50	2570000
20100512	23.12	23.60	22.93	23.58	2253800
20100511	22.99	23.49	22.00	23.18	3896900
20100510	22.67	23.67	22.59	23.65	3391100
20100507	22.65	23.25	21.73	22.00	4551500
20100506	23.26	23.83	22.08	23.06	4330600
20100505	23.37	24.00	22.61	23.55	3768700
20100504	23.86	23.86	22.99	23.46	3561400
20100503	23.61	24.27	23.61	24.16	3109600
20100430	24.99	24.99	23.28	23.61	5419300
20100429	23.60	24.90	23.60	24.51	3941700
20100428	23.75	23.99	23.35	23.50	2125400
20100427	24.39	24.98	23.53	23.68	3783600
20100426	24.17	25.13	24.11	24.63	2226800
20100423	24.50	24.70	24.08	24.18	2624200
20100422	24.26	24.76	24.09	24.53	2497800
20100421	24.94	25.11	24.50	24.63	2352000
20100420	24.89	25.29	24.76	25.06	1397000
20100419	24.63	24.93	24.28	24.71	2491100
20100416	25.27	25.55	24.72	24.85	3282600
20100415	25.59	25.89	25.31	25.38	2977600
20100414	25.09	25.71	25.09	25.48	3872900
20100413	26.00	26.09	25.01	25.05	4927200
20100412	25.30	25.61	24.57	25.18	2697700
20100409	24.79	24.95	24.46	24.57	1273000
20100408	24.94	25.04	24.44	24.73	2442800
20100407	25.34	25.59	24.75	24.94	2424000
20100406	24.86	25.68	24.75	25.29	3204800
20100405	24.44	25.09	24.32	25.04	1948800
20100401	25.03	25.21	24.38	24.43	2096000
20100331	24.31	25.20	24.16	24.95	3200200
20100330	24.23	24.72	24.20	24.36	2429900
20100329	22.95	24.87	22.92	24.35	5285000
20100326	22.96	23.15	22.64	22.94	2250500
20100325	22.92	23.31	22.83	22.88	1834400
20100324	22.80	23.07	22.71	22.80	1475200
20100323	23.26	23.46	22.71	22.91	3202300
20100322	22.66	23.47	22.33	23.45	3318600
20100319	22.73	22.89	22.53	22.69	3214500
20100318	22.61	22.98	22.57	22.70	1788200
20100317	22.99	23.12	22.82	22.90	1798400
20100316	22.63	22.85	22.30	22.76	2783700
20100315	22.32	22.69	22.16	22.63	2054800
20100312	22.95	22.95	22.28	22.31	2466000
20100311	22.85	22.95	22.38	22.90	2186000
20100310	22.93	23.27	22.76	23.01	2161200
20100309	22.90	23.22	22.78	22.95	1325200
20100308	23.03	23.30	22.98	23.13	1105700
20100305	23.00	23.38	22.93	23.23	1742200
20100304	22.82	23.12	22.61	23.07	1304100
20100303	23.15	23.21	22.73	22.87	2600900
20100302	23.11	23.35	22.99	23.11	2593600
20100301	22.34	23.20	22.17	23.13	2556500
20100226	22.34	22.49	22.04	22.24	3165800
20100225	22.38	22.50	22.05	22.40	2322000
20100224	22.59	22.88	22.39	22.63	1778400
20100223	22.29	22.67	21.91	22.42	2376500
20100222	22.64	22.72	22.25	22.38	2197600
20100219	22.81	22.99	22.56	22.59	2253000
20100218	21.87	22.93	21.79	22.85	3083600
20100217	22.27	22.39	21.80	21.88	3859300
20100216	21.48	22.26	21.35	22.18	2750000
20100212	21.31	21.49	20.53	21.35	3157000
20100211	21.07	21.55	20.17	21.27	10262800
20100210	21.83	22.50	21.70	22.24	3674000
20100209	21.76	22.05	21.49	21.88	2003700
20100208	21.21	21.90	21.19	21.42	1393500
20100205	21.39	21.52	20.78	21.26	2468600
20100204	22.09	22.11	21.36	21.40	1808000
20100203	21.93	22.16	21.65	22.11	1382500
20100202	22.14	22.26	21.66	22.07	1748200
20100201	21.51	22.20	21.38	22.10	2002000
20100129	21.82	22.21	21.30	21.41	2480400
20100128	22.23	22.53	21.40	21.68	1969400
20100127	22.01	22.33	21.74	22.12	1608200
20100126	21.61	22.44	21.58	22.17	2118800
20100125	21.82	22.05	21.71	21.73	1979800
20100122	22.17	22.30	21.60	21.77	2795600
20100121	22.28	22.77	21.55	22.23	1955800
20100120	22.49	22.73	22.01	22.22	1899200
20100119	22.71	22.86	22.47	22.75	2119800
20100115	23.09	23.32	22.57	22.73	1785600
20100114	23.40	24.02	23.02	23.06	2317000
20100113	23.36	23.69	22.87	23.57	2268000
20100112	23.84	23.92	23.15	23.28	2158600
20100111	24.37	24.45	23.76	24.03	2786600
20100108	24.60	24.60	23.90	24.24	2264300
20100107	24.78	24.90	24.12	24.47	1777300
20100106	25.73	25.88	24.49	24.60	3880000
20100105	25.75	26.03	25.33	25.93	2431800
20100104	25.71	25.91	25.42	25.82	2186500
20091231	26.48	26.60	25.71	25.73	1198500
20091230	26.61	26.67	26.26	26.46	1032100
20091229	27.17	27.33	26.47	26.56	903400
20091228	27.06	27.51	27.00	27.08	989100
20091224	27.06	27.25	26.90	27.00	209600
20091223	26.59	27.13	26.51	27.09	1299600
20091222	26.16	26.69	26.12	26.53	1125400
20091221	25.33	26.31	25.28	26.14	1082600
20091218	25.31	25.49	24.55	25.24	3026000
20091217	25.71	25.90	25.14	25.14	1101400
20091216	25.55	26.33	25.47	25.86	1107500
20091215	25.84	25.95	25.41	25.47	928200
20091214	25.78	25.96	25.65	25.83	889000
20091211	25.80	25.86	25.25	25.66	1431800
20091210	25.45	25.95	25.43	25.67	1780400
20091209	25.01	25.42	24.64	25.30	1558400
20091208	25.04	25.46	24.72	25.10	1045400
20091207	25.77	26.04	25.10	25.17	1355500
20091204	26.23	26.71	25.65	25.85	1719400
20091203	25.95	26.36	25.86	26.00	1614000
20091202	25.88	26.09	25.65	25.77	1355000
20091201	25.62	26.06	25.42	25.77	1965200
20091130	25.20	25.50	24.72	25.48	2393500
20091127	25.27	25.71	24.93	25.21	874100
20091125	25.62	26.17	25.39	26.11	1403200
20091124	25.76	25.91	25.24	25.57	1348800
20091123	25.22	25.92	25.17	25.75	2014700
20091120	24.44	25.05	24.44	24.95	2148800
20091119	25.23	25.23	24.44	24.59	2283000
20091118	24.88	25.41	24.64	25.40	2086300
20091117	23.89	25.01	23.81	24.96	1892800
20091116	23.75	24.20	23.66	23.92	1368400
20091113	23.70	23.90	23.49	23.68	964400
20091112	24.01	24.29	23.54	23.57	1012600
20091111	24.55	24.67	23.78	24.09	1461200
20091110	24.10	25.04	24.10	24.42	2746300
20091109	23.64	24.11	23.52	24.03	1728900
20091106	23.35	23.92	23.25	23.48	1628000
20091105	22.49	23.77	22.44	23.63	2444200
20091104	22.98	23.06	22.35	22.43	2502200
20091103	22.66	23.25	22.33	22.99	2277800
20091102	23.02	23.27	21.95	23.07	4011300
20091030	24.24	24.35	22.36	22.67	4872300
20091029	26.00	26.25	23.80	24.30	9032500
20091028	25.30	25.57	23.94	24.34	4240800
20091027	26.65	26.78	24.72	25.24	3677000
20091026	26.51	27.37	26.40	26.52	2892800
20091023	25.98	26.97	25.98	26.36	2550300
20091022	25.92	26.07	25.38	25.88	1643900
20091021	25.34	26.55	25.34	25.84	3128600
20091020	25.65	25.71	25.18	25.57	1644800
20091019	25.04	25.71	25.01	25.50	1802800
20091016	25.99	25.99	24.63	24.81	2745800
20091015	25.63	26.11	25.56	25.96	2094000
20091014	25.25	25.98	25.13	25.74	2456800
20091013	24.42	25.06	24.36	25.02	2444600
20091012	24.19	24.67	24.09	24.49	2086100
20091009	24.04	24.35	23.85	24.16	1192100
20091008	24.17	24.45	23.89	24.06	2284800
20091007	24.00	24.20	23.80	24.17	2240100
20091006	23.18	24.14	23.10	24.10	3259500
20091005	22.59	23.16	22.58	23.01	2525100
20091002	23.14	23.25	22.49	22.60	2301600
20091001	23.75	23.92	23.10	23.30	1699000
20090930	23.96	24.13	23.25	23.95	2004600
20090929	24.06	24.07	23.56	23.87	1204500
20090928	23.52	24.26	23.50	24.06	1423300
20090925	23.97	24.12	23.39	23.47	1716700
20090924	25.06	25.06	23.68	24.02	1601400
20090923	24.92	25.62	24.88	24.90	2182800
20090922	24.35	24.99	24.10	24.92	1594000
20090921	24.30	24.48	23.57	24.14	1483900
20090918	24.27	24.73	23.94	24.48	2254200
20090917	24.59	24.89	24.15	24.28	2074600
20090916	23.69	24.64	23.62	24.60	1715900
20090915	23.15	23.79	23.05	23.71	1568000
20090914	22.98	23.29	22.72	23.27	1061100
20090911	23.03	23.32	22.82	23.06	1011500
20090910	23.50	23.51	22.73	23.18	2584200
20090909	22.92	23.59	22.68	23.53	1339800
20090908	22.99	23.54	22.76	22.88	1402800
20090904	22.26	22.99	22.10	22.96	868600
20090903	22.08	22.30	21.85	22.15	1186100
20090902	22.04	22.46	21.83	21.93	1318400
20090901	22.82	23.62	22.11	22.16	1731200
20090831	23.09	23.45	22.68	23.05	1126600
20090828	22.88	23.87	22.88	23.29	1581200
20090827	22.77	22.91	22.30	22.77	1127900
20090826	22.86	23.42	22.67	22.86	1226400
20090825	22.42	23.11	22.20	22.85	1698700
20090824	23.08	23.17	22.16	22.30	1577000
20090821	22.94	23.03	22.20	22.90	1591200
20090820	21.87	22.66	21.71	22.60	1446200
20090819	21.33	22.12	21.02	21.88	1161200
20090818	21.33	21.58	20.93	21.52	1899200
20090817	21.61	21.68	21.02	21.31	2224400
20090814	22.53	22.69	21.66	22.12	1615700
20090813	22.95	23.03	22.41	22.77	1497900
20090812	22.54	23.17	22.49	22.97	1586400
20090811	22.81	22.95	22.30	22.62	1679000
20090810	22.57	23.35	22.31	22.77	2270600
20090807	22.49	22.80	21.98	22.52	1787800
20090806	22.20	22.41	21.67	21.98	1783000
20090805	21.55	22.10	21.10	21.99	3631500
20090804	21.43	21.56	20.75	21.49	2567200
20090803	20.96	21.47	20.75	21.27	1719400
20090731	20.46	21.18	20.33	20.71	2700000
20090730	19.64	21.27	19.50	20.48	4928200
20090729	18.78	18.81	18.07	18.34	2752400
20090728	18.20	18.89	17.99	18.84	3296300
20090727	18.27	18.61	18.07	18.26	1506800
20090724	18.25	18.54	17.87	18.45	1712200
20090723	17.37	18.63	17.37	18.36	2974200
20090722	17.70	18.12	17.42	17.70	2356200
20090721	17.36	17.78	17.25	17.74	2760800
20090720	16.67	17.37	16.52	17.25	2015500
20090717	16.82	16.91	16.50	16.65	1389200
20090716	16.48	16.81	16.14	16.75	2057600
20090715	15.95	16.87	15.85	16.53	3421500
20090714	15.18	15.92	15.10	15.82	3059400
20090713	14.57	15.32	14.46	15.26	2231800
20090710	14.30	14.75	14.11	14.57	1909200
20090709	13.80	14.61	13.75	14.40	3107000
20090708	13.93	14.17	13.52	13.74	3003800
20090707	14.45	14.73	13.73	13.80	3383400
20090706	14.95	15.00	14.23	14.43	2799600
20090702	15.30	15.37	14.58	15.00	2470900
20090701	15.14	15.84	15.10	15.55	1872400
20090630	15.77	15.77	14.69	15.11	3427800
20090629	16.03	16.09	15.39	15.92	1913200
20090626	15.63	16.02	15.51	15.92	3457800
20090625	15.24	15.81	14.97	15.79	1884500
20090624	15.18	15.74	14.93	15.21	2022000
20090623	15.42	15.56	14.85	15.06	2405000
20090622	16.34	16.45	15.35	15.47	2284600
20090619	16.08	16.57	15.80	16.56	3765900
20090618	15.36	16.07	15.09	15.87	1696400
20090617	15.92	16.20	15.06	15.44	2926600
20090616	16.53	16.79	15.91	16.03	2116000
20090615	16.99	16.99	15.95	16.50	1753200
20090612	16.74	16.87	16.15	16.83	1591900
20090611	16.65	17.25	16.35	16.91	1915900
20090610	16.70	16.78	16.01	16.50	1464800
20090609	16.19	16.78	16.12	16.73	1536800
20090608	16.47	16.69	15.64	16.06	1806100
20090605	16.73	16.94	16.20	16.68	1605600
20090604	16.79	16.90	16.09	16.56	2025700
20090603	16.67	16.95	16.18	16.57	2353000
20090602	17.23	17.24	16.45	17.15	3151600
20090601	17.31	17.65	16.97	17.38	3211200
20090529	16.11	17.31	15.51	17.31	2813800
20090528	15.83	16.06	15.31	15.89	2629000
20090527	15.84	16.25	15.44	15.57	1883100
20090526	14.83	15.97	14.50	15.95	2748500
20090522	14.77	15.29	14.61	14.96	1130400
20090521	15.23	15.48	14.30	14.69	1821800
20090520	14.98	15.89	14.93	15.27	2302600
20090519	14.45	15.25	14.12	15.05	2230800
20090518	14.02	14.50	13.75	14.46	1429000
20090515	13.95	14.37	13.44	13.85	1081000
20090514	13.43	14.17	13.09	14.01	2659600
20090513	14.70	14.89	13.48	13.48	1532400
20090512	14.75	15.38	14.55	14.89	1491900
20090511	15.00	15.39	14.46	15.16	1509000
20090508	15.20	15.66	14.74	15.32	1447600
20090507	15.70	15.78	14.54	14.99	2983600
20090506	15.96	15.96	15.20	15.43	2619400
20090505	15.37	15.87	14.91	15.80	2531400
20090504	14.79	15.55	14.79	15.50	3650600
20090501	13.88	15.18	13.88	14.79	4724700
20090430	12.26	14.46	12.23	13.61	6828100
20090429	10.46	10.80	10.31	10.59	4391700
20090428	10.45	10.60	10.23	10.30	4096000
20090427	10.59	11.13	10.47	10.53	4168600
20090424	11.34	11.52	10.67	11.24	3723700
20090423	11.71	11.74	10.86	11.23	3990200
20090422	11.50	12.07	11.30	11.70	1929800
20090421	10.77	11.64	10.73	11.59	2162200
20090420	11.59	11.78	10.77	10.80	1582200
20090417	11.35	11.95	11.01	11.81	2636200
20090416	10.61	11.55	10.51	11.33	2942500
20090415	10.37	10.60	10.30	10.44	2013400
20090414	10.52	11.00	10.28	10.46	2372100
20090413	10.30	10.73	10.17	10.57	1864800
20090409	9.79	10.44	9.66	10.42	1939400
20090408	9.04	9.53	9.00	9.52	2132200
20090407	10.16	10.22	9.60	9.62	1974400
20090406	10.13	10.39	9.81	10.37	1995400
20090403	10.01	10.27	9.85	10.26	1511600
20090402	9.57	10.14	9.49	10.05	2493200
20090401	8.94	9.45	8.82	9.36	1601600
20090331	8.98	9.25	8.78	9.08	1781900
20090330	8.71	8.98	8.62	8.91	1613800
20090327	9.48	9.75	9.14	9.14	1672600
20090326	9.41	9.70	9.29	9.65	2471600
20090325	8.60	9.51	8.60	9.23	3466000
20090324	8.49	9.02	8.40	8.73	2466200
20090323	8.00	8.61	8.00	8.61	2528000
20090320	8.16	8.34	7.77	7.87	3939800
20090319	8.14	8.15	7.50	7.65	2276600
20090318	7.50	8.26	7.50	8.16	2825200
20090317	7.34	8.05	7.31	7.99	3394400
20090316	6.77	7.75	6.77	7.33	1983400
20090313	7.05	7.47	6.76	7.38	2190200
20090312	7.04	7.12	6.79	7.09	1927400
20090311	7.05	7.40	6.95	7.08	1714900
20090310	6.55	7.09	6.51	7.05	2133400
20090309	6.41	6.93	6.34	6.39	1365200
20090306	6.75	6.84	6.31	6.47	2319400
20090305	6.83	6.84	6.63	6.64	2440000
20090304	7.24	7.39	6.88	6.92	3169800
20090303	7.44	7.52	7.04	7.13	1711000
20090302	7.80	8.06	7.31	7.36	2579200
20090227	8.59	8.60	7.95	7.97	1475200
20090226	8.27	8.56	8.00	8.03	1514700
20090225	7.96	8.42	7.73	8.25	3252000
20090224	7.89	8.36	7.88	8.25	2239100
20090223	8.19	8.50	7.78	7.85	2116100
20090220	7.84	8.09	7.49	7.74	3604000
20090219	7.76	8.54	7.49	7.90	3879600
20090218	8.49	8.61	8.06	8.53	2026000
20090217	8.65	9.03	8.19	8.35	2497500
20090213	9.14	9.33	8.97	9.17	1639600
20090212	9.03	9.26	8.79	9.10	2281000
20090211	9.08	9.43	9.00	9.19	1274700
20090210	9.66	9.81	9.12	9.15	2200800
20090209	9.96	9.96	9.67	9.79	1343300
20090206	9.51	10.35	9.33	9.96	2341100
20090205	8.87	9.62	8.87	9.53	1602800
20090204	9.23	9.50	9.10	9.27	2088400
20090203	8.95	9.20	8.73	9.15	1212900
20090202	8.80	9.01	8.56	8.91	1504400
20090130	9.29	9.64	8.92	8.93	2049200
20090129	9.21	9.28	8.92	9.03	1995100
20090128	8.78	9.43	8.61	9.30	2180000
20090127	8.30	8.63	8.23	8.58	1912800
20090126	8.10	8.50	8.06	8.28	994200
20090123	7.98	8.41	7.85	8.27	1645800
20090122	8.20	8.39	7.85	8.16	2126900
20090121	8.07	8.47	8.07	8.46	1850400
20090120	9.04	9.14	8.13	8.14	2235400
20090116	9.44	9.49	8.79	9.14	1480200
20090115	8.43	9.39	8.43	9.14	1914800
20090114	8.81	8.98	8.66	8.70	1667000
20090113	8.36	9.07	8.36	8.99	1941200
20090112	8.97	9.25	8.37	8.64	2142900
20090109	9.25	9.51	9.00	9.15	1280400
20090108	8.57	9.51	8.57	9.51	2908600
20090107	9.50	9.55	8.82	8.97	1208300
20090106	9.27	9.75	9.12	9.54	1685600
20090105	8.79	9.25	8.72	9.20	1302800
20090102	8.21	8.79	8.10	8.79	1022200
20081231	7.78	8.48	7.70	8.24	1444100
20081230	7.57	7.88	7.40	7.80	857600
20081229	7.75	7.78	7.43	7.50	990700
20081226	7.82	7.92	7.65	7.70	381400
20081224	7.70	7.90	7.50	7.79	308600
20081223	7.42	7.90	7.42	7.66	922600
20081222	7.94	8.04	7.45	7.71	1409500
20081219	8.74	8.74	8.15	8.15	3315000
20081218	7.66	8.55	7.66	8.32	1156100
20081217	8.17	8.65	8.04	8.51	1551000
20081216	7.59	8.26	7.42	8.25	2069500
20081215	7.97	8.10	7.40	7.52	1172700
20081212	7.43	8.05	7.36	7.95	1205000
20081211	8.08	8.21	7.52	7.62	1113200
20081210	7.83	8.24	7.49	8.15	1531200
20081209	8.32	8.75	8.05	8.13	1398100
20081208	8.06	8.63	7.77	8.53	1393800
20081205	7.38	7.91	7.15	7.90	1764400
20081204	7.53	7.80	7.22	7.43	1753000
20081203	7.00	7.70	7.00	7.70	2233400
20081202	7.98	8.09	7.37	7.52	2631000
20081201	8.22	8.22	7.84	7.85	2530900
20081128	8.17	8.44	8.06	8.40	780100
20081126	7.07	8.23	7.07	8.23	1852900
20081125	7.28	7.39	6.97	7.12	1798300
20081124	6.61	7.35	6.45	7.28	1994800
20081121	6.21	6.73	6.00	6.53	2184800
20081120	6.58	6.84	6.03	6.05	2435200
20081119	6.96	7.04	6.54	6.72	2474200
20081118	7.33	7.33	6.80	7.06	2786900
20081117	7.60	7.74	7.24	7.34	2203600
20081114	7.93	8.30	7.76	7.80	2611500
20081113	7.65	8.24	7.07	8.22	1979000
20081112	8.03	8.36	7.61	7.62	2904600
20081111	8.21	8.46	7.82	8.25	1954200
20081110	8.75	9.01	8.15	8.29	2389500
20081107	8.12	8.62	8.09	8.62	1940000
20081106	8.56	8.68	8.00	8.05	1950400
20081105	9.39	9.47	8.51	8.51	2414400
20081104	9.54	9.68	9.22	9.47	1759200
20081103	9.83	9.93	9.32	9.45	1674000
20081031	9.72	9.94	9.23	9.51	3222200
20081030	12.00	12.12	9.66	10.15	4218600
20081029	11.66	12.01	11.21	12.00	3279600
20081028	10.45	11.46	10.27	11.42	2345400
20081027	9.92	10.53	9.85	9.99	1205200
20081024	10.10	10.98	9.86	10.07	2243800
20081023	10.89	11.08	10.09	10.60	2836200
20081022	11.31	11.51	10.52	10.93	2193800
20081021	12.09	12.10	11.42	11.43	1137600
20081020	11.67	12.17	11.61	12.17	1611400
20081017	10.74	13.38	10.74	11.60	2330200
20081016	10.56	11.88	10.46	11.84	3105100
20081015	11.55	11.93	10.71	10.72	2451100
20081014	13.20	13.55	11.34	11.64	3252800
20081013	12.56	13.00	11.84	12.59	2427200
20081010	11.93	13.27	11.31	11.81	4264600
20081009	13.32	13.46	12.18	12.18	2438400
20081008	12.70	13.44	12.38	12.96	3068000
20081007	14.06	14.12	12.74	12.74	2822000
20081006	13.47	13.91	12.77	13.71	2802100
20081003	14.11	15.03	13.56	13.61	3335000
20081002	14.76	14.92	13.92	14.04	1763000
20081001	14.92	15.36	14.41	14.95	1457000
20080930	13.72	15.13	13.72	15.11	2435800
20080929	15.55	16.11	13.61	13.71	2764000
20080926	16.06	16.06	15.57	15.96	998400
20080925	15.83	16.43	15.70	16.17	1526600
20080924	15.38	15.84	15.24	15.69	1103000
20080923	15.66	15.91	15.07	15.31	1176600
20080922	16.49	16.75	15.56	15.58	2915700
20080919	16.19	17.26	15.36	16.75	3156800
20080918	16.15	16.15	14.04	15.83	3692000
20080917	15.78	15.87	15.09	15.10	2741200
20080916	15.69	16.13	15.47	16.05	3047000
20080915	16.86	17.01	15.71	15.71	2339700
20080912	16.93	17.06	16.52	17.02	2453600
20080911	16.94	17.15	16.62	17.03	2109100
20080910	17.35	17.37	16.66	17.12	3218600
20080909	17.91	18.38	17.00	17.10	2854800
20080908	17.81	17.91	17.31	17.84	1720700
20080905	17.81	17.93	17.30	17.64	1738400
20080904	17.62	18.06	17.36	17.82	2727000
20080903	17.79	17.79	17.18	17.46	2346600
20080902	18.09	18.31	17.49	17.65	1879200
20080829	17.82	18.22	17.49	17.66	1803000
20080828	17.82	18.42	17.81	18.37	1081500
20080827	17.55	17.92	17.55	17.73	1625900
20080826	18.35	18.71	17.37	17.47	1888800
20080825	19.37	19.37	18.16	18.38	1941000
20080822	18.84	19.45	18.72	19.34	1037000
20080821	18.32	18.77	18.15	18.73	1425000
20080820	19.39	19.39	18.20	18.45	1944400
20080819	19.22	19.36	18.75	18.91	1566000
20080818	19.14	19.66	19.14	19.21	2557300
20080815	18.88	19.67	18.88	19.45	1752600
20080814	18.67	19.30	18.51	19.17	1472800
20080813	19.15	19.26	18.46	18.86	1710600
20080812	18.85	19.74	18.71	19.27	1894200
20080811	18.19	18.89	18.05	18.80	2182000
20080808	18.24	18.26	17.82	18.09	3480400
20080807	18.55	18.56	18.02	18.30	1798000
20080806	19.15	19.51	18.25	18.61	3560200
20080805	19.16	19.55	19.10	19.52	1853900
20080804	19.12	19.49	18.78	18.86	2452900
20080801	19.65	19.68	18.20	19.21	3101800
20080731	18.80	19.95	18.74	19.57	2983600
20080730	18.52	19.08	18.21	19.03	2550800
20080729	17.52	18.52	17.40	18.47	2716000
20080728	17.70	18.19	17.30	17.38	1208500
20080725	18.10	18.35	17.74	17.96	1083800
20080724	18.53	18.83	18.01	18.01	1285400
20080723	18.30	19.35	18.25	18.76	2134700
20080722	19.17	19.18	18.08	18.30	3665900
20080721	19.23	19.42	18.47	18.54	2361200
20080718	20.08	20.22	19.14	19.19	2881200
20080717	19.75	20.42	19.36	20.11	2005200
20080716	18.39	19.85	18.35	19.78	3001800
20080715	17.57	18.74	17.07	18.41	3041100
20080714	17.90	18.37	17.49	18.15	2774900
20080711	17.58	18.26	17.28	17.95	1995300
20080710	17.81	17.87	17.39	17.60	2228400
20080709	17.73	18.08	17.51	17.81	3593600
20080708	17.23	17.81	17.23	17.81	2735600
20080707	17.31	17.85	16.85	17.34	2098600
20080703	17.55	17.90	17.38	17.49	1173800
20080702	18.34	18.34	17.46	17.46	2395600
20080701	18.17	18.40	17.64	18.22	3165000
20080630	18.97	19.03	18.31	18.38	1935800
20080627	19.19	19.49	18.88	19.16	1825100
20080626	19.59	19.91	19.15	19.17	2472000
20080625	19.56	20.25	19.25	19.98	4800200
20080624	19.53	19.71	19.25	19.43	2022000
20080623	19.85	20.05	19.49	19.69	1929800
20080620	20.12	20.29	19.57	19.80	2602100
20080619	20.58	20.75	19.82	20.35	3183400
20080618	21.00	21.40	20.54	20.67	2192800
20080617	21.47	21.47	21.08	21.18	1270000
20080616	21.16	21.60	21.09	21.48	1878800
20080613	21.15	21.47	20.88	21.44	1494200
20080612	20.95	21.51	20.72	21.01	2091500
20080611	21.96	22.17	20.92	21.00	1990800
20080610	22.18	22.46	21.97	22.07	1403600
20080609	22.44	22.68	22.03	22.29	1622000
20080606	23.23	23.37	22.15	22.38	1567500
20080605	23.53	23.58	23.01	23.49	1386100
20080604	23.12	23.95	22.84	23.51	1497500
20080603	23.83	23.86	22.85	23.31	1774800
20080602	24.29	24.29	23.26	23.64	1623600
20080530	24.04	24.29	23.66	24.25	2280400
20080529	23.77	24.40	23.68	24.05	2962000
20080528	21.89	23.81	21.25	22.75	5556800
20080527	21.77	22.10	21.60	21.74	2097700
20080523	22.41	22.48	21.41	21.66	1914600
20080522	22.31	22.72	22.14	22.41	1109800
20080521	23.17	23.19	22.10	22.26	1726200
20080520	23.46	23.84	22.86	23.05	1545100
20080519	24.29	24.47	23.42	23.61	1573800
20080516	24.81	24.83	24.04	24.35	1419600
20080515	24.23	24.71	24.01	24.69	2362200
20080514	24.34	24.61	24.17	24.25	1157000
20080513	24.68	24.68	23.93	24.21	1124000
20080512	24.03	24.79	23.83	24.61	1249200
20080509	24.11	24.40	23.78	24.03	999500
20080508	24.19	24.73	24.00	24.41	1252200
20080507	24.72	24.88	24.02	24.06	1441000
20080506	24.20	24.91	24.20	24.83	1849600
20080505	24.92	25.03	24.24	24.42	1241100
20080502	25.40	25.50	24.84	25.17	1593000
20080501	25.33	25.41	24.21	25.13	2646000
20080430	25.17	25.38	24.73	25.26	3474400
20080429	24.84	25.24	24.84	25.04	1389000
20080428	25.08	25.11	24.61	24.97	1495300
20080425	25.07	25.22	24.84	25.07	1231600
20080424	24.85	25.45	24.38	24.98	1126000
20080423	24.90	25.10	24.49	24.78	1160400
20080422	24.75	24.87	24.28	24.70	1719900
20080421	24.43	24.98	23.89	24.88	2415000
20080418	24.44	24.96	24.26	24.58	2495100
20080417	24.69	24.70	23.55	23.70	1423700
20080416	24.34	24.35	23.54	23.89	1677400
20080415	23.97	24.35	23.67	24.06	1918200
20080414	23.36	24.10	23.36	23.85	1290500
20080411	24.00	24.15	23.50	23.75	1251200
20080410	23.87	24.39	23.65	24.27	1137800
20080409	24.45	24.57	23.64	23.91	1297300
20080408	24.62	24.75	24.12	24.50	1434100
20080407	24.82	25.44	24.48	24.88	1280600
20080404	25.14	25.28	24.65	24.81	1100900
20080403	24.85	25.38	24.81	24.95	1815200
20080402	24.11	25.19	24.10	25.13	2812100
20080401	22.10	24.10	21.00	24.09	2499400
20080331	21.91	22.07	21.75	21.89	1367400
20080328	22.72	22.72	21.70	21.82	1788000
20080327	23.02	23.13	22.47	22.47	2180000
20080326	22.55	23.09	22.22	23.02	1894400
20080325	22.25	22.74	22.09	22.48	1282400
20080324	21.55	22.48	21.34	22.27	1290200
20080320	20.77	21.52	20.64	21.52	1714200
20080319	21.60	22.00	20.64	20.64	1423500
20080318	20.70	21.45	20.27	21.44	1827000
20080317	20.51	20.87	20.18	20.48	1811400
20080314	21.71	21.72	20.52	20.87	1815600
20080313	21.00	21.81	20.82	21.66	1437800
20080312	21.58	21.64	21.11	21.17	1502400
20080311	21.52	21.70	21.01	21.54	1502200
20080310	21.30	21.70	21.06	21.25	2262900
20080307	21.14	21.46	20.73	21.05	1484600
20080306	21.78	21.94	21.25	21.30	1042000
20080305	21.79	22.12	21.59	21.87	1512400
20080304	22.26	22.26	20.94	21.59	3550200
20080303	22.80	22.98	21.99	22.30	1642200
20080229	22.86	23.26	22.56	22.93	1752200
20080228	23.97	24.18	23.07	23.46	1439200
20080227	24.34	24.70	23.97	24.23	942400
20080226	24.05	24.78	23.87	24.36	1035600
20080225	24.33	24.63	23.65	24.01	2398000
20080222	24.44	24.50	23.76	24.42	1464400
20080221	25.45	25.50	24.25	24.36	1963100
20080220	25.33	25.46	24.55	25.41	1506400
20080219	25.90	26.04	25.52	25.65	1632600
20080215	24.85	25.66	24.63	25.59	1724900
20080214	25.15	25.37	24.91	24.99	1334400
20080213	24.60	25.25	24.02	25.13	1937400
20080212	24.85	24.90	24.30	24.49	1351400
20080211	24.90	25.07	24.23	24.74	2563700
20080208	23.73	25.33	23.60	25.11	3339800
20080207	22.88	23.95	22.76	23.72	4358800
20080206	22.59	23.33	22.18	22.76	2421100
20080205	22.66	22.89	22.10	22.15	2651500
20080204	23.39	23.73	23.08	23.24	1329000
20080201	23.10	23.47	22.84	23.45	1630900
20080131	22.77	23.25	22.57	23.02	2024200
20080130	23.03	23.50	22.50	22.84	2077200
20080129	23.08	23.51	22.83	23.08	3586800
20080128	23.40	23.44	22.55	22.85	2360600
20080125	24.20	24.20	23.13	23.30	1287400
20080124	23.20	24.17	22.99	23.96	2330500
20080123	22.00	23.84	21.93	23.39	3217000
20080122	22.70	23.53	22.25	22.81	2470100
20080118	22.90	24.35	22.90	23.52	3625200
20080117	24.95	24.99	22.77	22.99	4378800
20080116	25.52	25.69	24.78	24.96	3031400
20080115	26.27	26.35	25.10	25.39	3678500
20080114	26.59	27.05	26.15	26.87	1960600
20080111	27.33	27.40	26.25	26.45	2370800
20080110	28.00	28.17	26.81	27.45	4448700
20080109	28.72	28.95	27.57	28.27	2020000
20080108	29.08	29.75	28.70	28.80	1849000
20080107	29.56	29.56	28.92	29.13	1308200
20080104	31.29	31.29	29.27	29.56	1330400
20080103	30.67	30.88	30.37	30.56	1096400
20080102	31.65	31.88	30.17	30.55	1727000
20071231	31.70	32.01	31.46	31.62	1062100
20071228	31.91	32.22	31.45	31.92	803900
20071227	32.21	32.70	31.91	31.96	673800
20071226	32.25	32.64	32.03	32.56	723000
20071224	31.91	32.42	31.86	32.42	423700
20071221	32.37	32.44	31.87	32.03	2031400
20071220	31.85	32.20	30.97	32.07	2448400
20071219	32.67	32.96	32.41	32.57	792800
20071218	32.90	33.00	32.45	32.77	872800
20071217	33.29	33.51	32.50	32.68	1203600
20071214	33.45	33.68	33.13	33.25	1003400
20071213	33.95	33.98	33.28	33.63	1586900
20071212	34.12	34.43	33.25	33.64	1369200
20071211	33.86	34.66	33.48	33.57	1781400
20071210	33.69	34.17	33.49	33.94	1291000
20071207	33.40	33.61	33.02	33.56	1010000
20071206	33.26	33.52	32.74	33.30	2469200
20071205	33.16	33.66	32.58	33.31	1602900
20071204	32.51	33.08	32.20	32.96	1933800
20071203	32.40	33.05	31.98	32.85	2021200
20071130	32.65	33.04	32.12	32.60	1991200
20071129	31.73	32.46	31.60	32.42	2205300
20071128	30.50	32.02	30.41	31.88	2510000
20071127	29.54	30.46	29.45	30.20	1793000
20071126	29.65	30.30	28.89	29.34	1919000
20071123	29.00	29.48	28.77	29.35	711900
20071121	28.80	29.50	28.53	28.97	1358400
20071120	29.85	30.00	28.60	29.14	1603200
20071119	30.78	30.78	29.19	29.57	1713200
20071116	29.59	31.05	29.53	30.85	2697300
20071115	28.57	29.12	28.22	28.94	1497100
20071114	29.19	29.27	28.66	28.78	1819200
20071113	27.62	29.27	27.48	29.17	2320400
20071112	28.57	28.85	27.54	27.58	2119800
20071109	29.28	29.60	28.29	28.51	2082000
20071108	30.65	31.68	28.23	30.04	2632400
20071107	30.25	31.53	30.10	30.65	4084600
20071106	30.75	30.90	29.70	30.16	1782800
20071105	31.54	31.75	30.50	30.80	1340500
20071102	32.74	32.74	31.33	31.78	1483300
20071101	32.56	32.86	31.77	32.41	1226400
20071031	32.28	32.67	31.78	32.66	1049000
20071030	32.32	32.86	31.94	32.11	1284600
20071029	32.47	32.72	32.11	32.52	1043600
20071026	32.29	32.55	32.12	32.46	1058300
20071025	32.39	32.89	31.80	32.08	3698300
20071024	32.79	32.89	31.63	32.19	1964000
20071023	32.37	33.05	31.84	32.93	1490400
20071022	32.50	33.08	32.14	32.79	1130800
20071019	33.73	33.88	32.36	32.64	1657200
20071018	33.77	33.98	33.35	33.73	1203900
20071017	34.08	34.37	33.22	33.75	1758200
20071016	34.35	34.59	33.86	33.94	1612000
20071015	34.67	34.88	34.25	34.66	956000
20071012	34.48	34.74	34.27	34.67	1111400
20071011	34.65	34.89	34.39	34.42	1556400
20071010	34.58	34.75	34.08	34.61	1683900
20071009	34.73	34.89	34.36	34.61	1706800
20071008	34.41	35.00	34.24	34.96	1199600
20071005	34.18	35.28	33.84	35.04	1728600
20071004	34.06	34.06	33.33	33.98	1140700
20071003	33.60	34.42	33.42	33.87	1497600
20071002	33.49	33.94	33.02	33.67	2198400
20071001	32.19	33.48	31.89	33.44	14593200
20070928	32.09	32.10	31.75	31.88	2537600
20070927	32.22	32.36	31.89	31.96	2117200
20070926	32.04	32.57	31.85	31.98	1209000
20070925	31.60	32.44	31.45	31.79	3228700
20070924	30.04	30.63	29.71	30.17	1269300
20070921	29.66	30.25	29.65	30.02	2303300
20070920	29.88	30.07	29.60	29.81	536000
20070919	29.62	30.07	29.24	30.02	1058200
20070918	29.04	29.64	28.97	29.52	938000
20070917	28.93	29.02	28.14	28.91	681600
20070914	29.01	29.20	28.67	29.16	438600
20070913	29.54	29.54	28.80	29.15	716200
20070912	28.78	29.65	28.78	29.42	1510800
20070911	29.14	29.14	28.58	28.94	1218900
20070910	29.69	29.72	28.45	28.92	1437900
20070907	29.84	30.02	29.40	29.49	1658100
20070906	30.24	30.39	29.79	30.06	700400
20070905	30.39	30.50	29.67	30.03	816800
20070904	29.70	30.96	29.54	30.53	1651000
20070831	29.54	29.87	29.11	29.85	768200
20070830	29.15	29.44	28.77	29.25	927000
20070829	29.45	29.49	28.71	29.11	972300
20070828	30.19	30.42	29.12	29.14	1564600
20070827	29.95	30.62	29.78	30.42	1146700
20070824	29.18	30.00	29.15	29.83	850400
20070823	28.55	29.35	28.50	29.31	829600
20070822	28.08	28.83	27.41	28.53	1620200
20070821	28.09	28.23	27.82	28.11	1048900
20070820	28.07	28.34	27.21	28.24	1235000
20070817	27.72	28.30	27.21	27.81	2048000
20070816	28.25	28.83	27.52	28.00	2478000
20070815	28.56	28.95	28.24	28.39	2064000
20070814	28.61	29.06	28.55	28.67	817800
20070813	28.81	29.08	28.60	28.92	1199000
20070810	28.50	28.88	28.26	28.53	1410000
20070809	28.20	29.49	27.99	28.50	3094600
20070808	28.00	29.00	27.38	27.79	5176800
20070807	27.39	27.95	27.35	27.85	3237000
20070806	27.79	27.88	27.07	27.58	1804300
20070803	28.07	28.16	27.39	27.68	4897600
20070802	27.75	27.78	27.09	27.44	2666100
20070801	26.45	27.04	26.24	26.77	1697600
20070731	27.22	27.22	26.57	26.61	2000800
20070730	26.58	27.09	26.51	26.79	1502100
20070727	26.29	26.63	26.15	26.44	1248900
20070726	26.29	26.49	25.87	26.37	4558600
20070725	26.01	26.32	25.53	26.13	2340000
20070724	26.36	26.86	25.45	25.75	4171000
20070723	26.85	27.35	26.48	26.71	3798500
20070720	29.59	29.59	29.15	29.39	2156400
20070719	29.57	29.58	29.38	29.41	1272400
20070718	29.57	29.72	29.34	29.54	747300
20070717	29.53	29.66	29.38	29.60	964600
20070716	29.54	29.63	29.46	29.50	974000
20070713	29.50	29.66	29.46	29.64	983000
20070712	29.43	29.59	29.38	29.59	1587200
20070711	29.20	29.36	29.15	29.34	1530000
20070710	29.21	29.41	29.21	29.30	1088400
20070709	29.27	29.41	29.22	29.25	1025700
20070706	29.14	29.50	29.14	29.39	747400
20070705	29.02	29.26	28.95	29.13	1475200
20070703	29.10	29.21	29.00	29.03	814200
20070702	29.33	29.46	29.10	29.16	1727700
20070629	29.45	29.45	29.20	29.29	1175600
20070628	29.37	29.59	29.25	29.49	1265200
20070627	29.12	29.50	29.07	29.46	2006000
20070626	29.31	29.46	29.15	29.24	1257200
20070625	29.08	29.45	28.92	29.22	1297700
20070622	29.07	29.18	28.94	29.00	1305200
20070621	29.15	29.45	28.90	29.10	2163400
20070620	29.12	29.40	29.10	29.21	3183200
20070619	29.64	29.85	29.09	29.14	7434500
20070618	25.38	25.66	25.11	25.50	948800
20070615	26.33	26.71	25.05	25.37	4129800
20070614	24.36	24.73	24.25	24.46	1216400
20070613	24.22	24.30	23.72	24.24	855300
20070612	24.02	24.26	23.85	24.20	1161800
20070611	23.32	24.23	23.32	24.03	1606300
20070608	23.39	23.48	23.03	23.38	1153700
20070607	23.91	24.02	23.30	23.52	1250700
20070606	24.26	24.38	24.12	24.16	1006400
20070605	24.38	24.56	23.89	24.38	868900
20070604	24.05	24.64	24.05	24.46	849400
20070601	24.13	24.40	23.96	24.23	943300
20070531	23.80	24.19	23.80	24.03	898700
20070530	24.15	24.15	23.70	23.88	1111600
20070529	23.81	24.26	23.77	24.19	1221600
20070525	24.82	24.82	24.37	24.45	959600
20070524	25.31	25.35	24.55	24.70	953200
20070523	25.34	25.82	25.16	25.24	847200
20070522	25.33	25.56	24.99	25.21	830300
20070521	24.77	25.30	24.70	25.26	1261400
20070518	24.51	24.98	24.46	24.64	1647000
20070517	24.37	24.53	23.99	24.35	1332700
20070516	24.36	24.70	24.03	24.46	963800
20070515	24.67	24.77	24.14	24.18	944600
20070514	24.76	24.87	24.37	24.58	914000
20070511	24.45	24.85	24.02	24.76	824200
20070510	24.48	24.77	24.08	24.35	1177600
20070509	23.99	24.85	23.89	24.67	1339000
20070508	24.15	24.50	22.44	24.20	3545900
20070507	24.67	24.93	24.54	24.81	1182400
20070504	24.55	25.16	24.31	24.48	1303200
20070503	24.42	24.48	24.03	24.35	1136200
20070502	24.04	24.42	23.95	24.35	1356600
20070501	23.83	24.19	23.51	24.02	1370000
20070430	23.70	23.90	23.57	23.62	903200
20070427	23.85	23.96	23.59	23.81	724800
20070426	23.42	24.00	23.42	23.93	897800
20070425	23.50	23.95	23.32	23.74	924800
20070424	23.13	23.66	23.05	23.50	754100
20070423	23.32	23.51	23.06	23.19	967900
20070420	23.60	23.69	23.10	23.20	1467000
20070419	23.46	23.50	23.22	23.35	875500
20070418	24.14	24.19	23.50	23.64	981600
20070417	23.86	24.21	23.65	24.20	1707400
20070416	24.16	24.36	23.85	23.90	1626700
20070413	23.79	24.28	23.78	24.11	745600
20070412	23.57	24.14	23.53	23.83	1578000
20070411	23.92	24.09	23.25	23.47	1017300
20070410	23.86	24.10	23.82	24.02	743100
20070409	23.97	23.97	23.53	23.81	1006200
20070405	23.19	24.02	23.18	24.02	942500
20070404	23.08	23.48	23.08	23.33	899900
20070403	23.00	23.47	22.86	23.18	804500
20070402	23.14	23.29	22.71	22.85	929000
20070330	23.00	23.30	22.78	23.18	948900
20070329	22.58	23.04	22.46	23.00	1183700
20070328	22.92	22.97	22.47	22.48	1007800
20070327	23.19	23.20	22.88	23.11	979600
20070326	23.23	23.34	22.74	23.18	1073400
20070323	23.04	23.26	22.90	23.15	1266000
20070322	22.50	23.06	22.29	22.98	1643200
20070321	22.07	22.58	21.96	22.58	782500
20070320	21.73	22.27	21.64	22.00	1528600
20070319	21.19	21.74	20.95	21.71	977400
20070316	21.26	21.45	20.79	21.11	1208400
20070315	21.02	21.63	20.91	21.32	901600
20070314	21.24	21.42	20.72	21.07	1148800
20070313	21.02	21.63	21.00	21.26	1569400
20070312	20.45	20.78	20.41	20.74	654100
20070309	20.62	20.73	20.25	20.45	614400
20070308	20.42	20.60	20.14	20.55	1005400
20070307	20.35	20.60	19.97	20.37	695400
20070306	20.38	20.47	19.97	20.43	1109200
20070305	20.41	20.71	20.26	20.41	1079700
20070302	20.77	20.83	20.39	20.50	1314200
20070301	20.80	21.10	20.70	20.88	1171600
20070228	21.00	21.51	20.67	21.26	1859000
20070227	21.43	21.92	21.04	21.38	1396200
20070226	21.75	21.98	21.48	21.71	1055000
20070223	22.10	22.12	21.58	21.70	782000
20070222	22.34	22.47	21.89	22.14	626100
20070221	22.25	22.47	22.11	22.35	664200
20070220	21.72	22.38	21.33	22.22	794600
20070216	22.14	22.17	21.76	21.83	1130000
20070215	22.51	23.10	22.00	22.30	1267800
20070214	21.68	22.49	21.64	22.27	1199700
20070213	21.53	21.90	21.48	21.65	588300
20070212	21.51	21.63	21.20	21.47	788000
20070209	22.06	22.19	21.35	21.64	898400
20070208	21.77	22.15	21.64	22.11	819900
20070207	21.45	21.92	21.28	21.76	1409200
20070206	21.19	21.45	20.89	21.44	1074000
20070205	21.10	21.38	20.74	21.20	900100
20070202	20.66	21.19	20.66	21.06	809200
20070201	21.42	21.65	20.63	20.68	1182100
20070131	21.12	21.64	20.68	21.45	916600
20070130	20.95	21.30	20.72	21.06	1990400
20070129	20.49	20.94	20.19	20.86	1064800
20070126	20.61	20.78	20.48	20.62	479800
20070125	20.86	21.20	20.42	20.65	671000
20070124	20.71	21.21	20.70	21.03	793600
20070123	20.53	20.97	20.53	20.70	1592700
20070122	20.95	21.30	20.42	20.58	1612200
20070119	20.65	21.07	20.39	21.02	1445800
20070118	21.14	21.43	20.47	20.65	1144000
20070117	21.07	21.33	20.97	21.16	1323600
20070116	21.48	21.48	21.18	21.24	831200
20070112	21.25	21.50	20.85	21.41	1388800
20070111	21.55	21.70	21.21	21.34	2592200
20070110	21.34	21.71	21.30	21.48	2745900
20070109	21.38	21.46	21.25	21.42	2661900
20070108	21.19	21.42	21.12	21.37	1523300
20070105	21.30	21.35	21.08	21.26	1389900
20070104	21.00	21.34	20.97	21.27	1285600
20070103	20.96	21.26	20.66	21.05	1703300
20061229	21.01	21.17	20.91	20.98	413800
20061228	20.94	21.20	20.77	21.02	410000
20061227	21.09	21.15	20.87	21.00	499400
20061226	20.96	21.02	20.76	21.00	632400
20061222	21.03	21.05	20.62	20.98	875200
20061221	21.09	21.15	20.75	21.00	1153700
20061220	20.70	21.29	20.54	21.02	2648800
20061219	20.24	20.76	20.20	20.57	1331200
20061218	20.73	20.86	20.22	20.34	1459100
20061215	20.69	21.00	20.48	20.65	2006400
20061214	20.68	20.87	20.48	20.59	2022200
20061213	20.73	20.73	20.42	20.59	1053100
20061212	20.50	20.77	20.48	20.60	1732000
20061211	20.60	20.78	20.46	20.51	2002400
20061208	18.59	21.00	18.51	20.46	4289400
20061207	18.81	18.82	18.58	18.62	837500
20061206	18.61	18.78	18.48	18.78	1171500
20061205	18.45	18.75	18.38	18.71	1698000
20061204	18.40	18.60	18.39	18.47	1335200
20061201	18.20	18.43	18.17	18.32	1124000
20061130	18.24	18.39	18.06	18.16	1281600
20061129	18.19	18.58	18.13	18.38	924800
20061128	18.41	18.45	17.98	18.17	991000
20061127	18.25	18.43	18.09	18.36	1392300
20061124	18.11	18.38	18.10	18.33	450700
20061122	18.00	18.26	17.77	18.26	1179800
20061121	18.02	18.06	17.62	18.06	1016800
20061120	17.50	17.89	17.50	17.86	1465200
20061117	17.28	17.64	17.17	17.60	1342700
20061116	17.14	17.46	17.10	17.31	837200
20061115	16.61	17.18	16.61	17.08	1392900
20061114	16.65	16.69	16.35	16.66	652600
20061113	16.77	16.98	16.54	16.60	1115900
20061110	16.81	16.97	16.30	16.84	2436100
20061109	16.71	17.05	16.60	16.94	1891400
20061108	16.29	16.64	16.19	16.53	618400
20061107	16.54	16.54	16.34	16.45	854400
20061106	16.50	16.68	16.30	16.62	745600
20061103	16.27	16.43	16.24	16.41	590400
20061102	16.13	16.36	16.08	16.35	871400
20061101	16.33	16.44	15.95	16.22	708000
20061031	16.25	16.36	15.84	16.25	1022600
20061030	16.45	16.60	16.25	16.30	537000
20061027	16.49	16.78	16.28	16.45	704400
20061026	16.50	16.80	16.45	16.60	849600
20061025	16.35	16.72	16.25	16.58	787300
20061024	16.41	16.64	16.35	16.44	560800
20061023	16.20	16.75	16.19	16.58	653700
20061020	16.36	16.50	16.10	16.27	598600
20061019	16.12	16.64	16.10	16.39	549200
20061018	16.43	16.47	16.11	16.17	602300
20061017	16.41	16.58	16.08	16.30	794200
20061016	16.17	16.61	16.14	16.58	1130200
20061013	16.50	16.50	16.19	16.30	664400
20061012	16.17	16.58	15.92	16.42	654100
20061011	16.14	16.39	15.96	16.06	515800
20061010	15.96	16.29	15.95	16.24	727700
20061009	16.00	16.14	15.91	16.02	467400
20061006	15.95	16.12	15.90	16.00	292800
20061005	16.02	16.20	15.86	16.05	540400
20061004	15.85	16.21	15.83	16.09	899700
20061003	15.55	16.13	15.55	15.89	703400
20061002	15.56	16.27	15.55	15.63	1450000
20060929	15.77	15.92	15.62	15.68	930000
20060928	15.53	15.92	15.53	15.92	639800
20060927	15.78	15.90	15.46	15.63	1039400
20060926	15.92	16.05	15.56	15.75	843100
20060925	15.78	16.02	15.55	15.99	899700
20060922	15.80	15.84	15.62	15.71	647000
20060921	16.10	16.18	15.69	15.77	1038800
20060920	16.14	16.40	15.80	15.86	883800
20060919	16.33	16.40	15.62	16.00	1149800
20060918	15.96	16.35	15.96	16.25	939900
20060915	15.98	16.25	15.81	16.00	1609800
20060914	15.92	16.14	15.92	16.02	1451600
20060913	16.14	16.15	15.91	16.03	1378500
20060912	15.97	16.06	15.63	16.03	1472400
20060911	16.08	16.25	15.88	15.96	1374100
20060908	16.58	16.73	16.14	16.20	1118200
20060907	16.86	16.94	16.57	16.66	805800
20060906	16.56	17.28	16.53	16.94	1294600
20060905	16.80	16.88	16.37	16.69	1517600
20060901	16.35	16.99	16.32	16.84	1381000
20060831	15.80	16.38	15.78	16.32	1104800
20060830	15.91	15.96	15.63	15.71	493400
20060829	15.83	15.94	15.58	15.94	915200
20060828	15.83	16.27	15.82	15.99	864400
20060825	15.83	16.11	15.75	15.92	747400
20060824	15.89	16.05	15.79	15.94	999000
20060823	15.79	15.93	15.60	15.73	1306000
20060822	15.37	15.99	15.29	15.70	2938600
20060821	15.19	15.54	15.01	15.34	1334800
20060818	15.50	15.52	15.11	15.18	1096500
20060817	15.46	15.72	15.38	15.50	1499800
20060816	15.42	15.53	15.34	15.45	1027600
20060815	15.05	15.47	14.95	15.39	1632000
20060814	14.60	15.05	14.60	14.86	938400
20060811	14.60	14.84	14.50	14.59	912000
20060810	15.13	15.64	14.30	14.65	5341400
20060809	13.52	14.07	13.52	13.82	1233200
20060808	13.71	13.85	13.19	13.49	666800
20060807	13.32	13.67	13.31	13.59	576400
20060804	13.85	13.99	13.31	13.38	683600
20060803	13.24	13.81	13.21	13.69	747900
20060802	13.16	13.45	12.87	13.37	780000
20060801	13.34	13.44	12.96	13.05	918800
20060731	13.19	13.47	13.19	13.40	597200
20060728	13.27	13.40	12.96	13.31	1024000
20060727	13.51	13.92	13.36	13.50	501800
20060726	13.61	13.85	13.58	13.72	714400
20060725	13.55	13.88	13.46	13.67	593900
20060724	13.56	13.65	13.32	13.59	787200
20060721	13.51	13.81	13.51	13.56	831300
20060720	13.46	13.65	13.46	13.58	644500
20060719	13.48	13.85	13.47	13.68	780100
20060718	13.37	13.56	13.34	13.46	1032600
20060717	13.53	13.60	13.27	13.37	936200
20060714	13.61	13.72	13.46	13.59	1075900
20060713	13.87	13.92	13.60	13.61	1511800
20060712	14.24	14.24	13.85	13.90	1180600
20060711	14.49	14.59	14.20	14.27	1349000
20060710	14.57	14.78	14.47	14.49	1197800
20060707	14.59	14.70	14.50	14.58	860400
20060706	14.67	15.00	14.66	14.73	1148200
20060705	14.95	14.95	14.51	14.68	1352600
20060703	15.00	15.05	14.95	15.04	363300
20060630	15.18	15.24	14.83	14.99	3443600
20060629	14.70	15.05	14.66	14.94	1881200
20060628	14.65	14.75	14.43	14.58	1132400
20060627	14.92	15.00	14.58	14.65	998400
20060626	15.07	15.08	14.88	14.92	1037400
20060623	15.06	15.14	14.94	14.95	855200
20060622	15.25	15.25	15.00	15.03	742400
20060621	15.07	15.38	15.01	15.25	2145200
20060620	14.91	15.15	14.90	15.00	908200
20060619	15.01	15.26	14.94	14.97	1320000
20060616	15.26	15.39	15.00	15.06	1358100
20060615	15.14	15.41	15.14	15.34	1233800
20060614	15.33	15.53	15.00	15.14	1706600
20060613	15.10	15.43	14.97	15.21	3114400
20060612	15.00	15.16	14.93	14.99	4436000
20060609	14.91	15.05	14.81	14.90	691700
20060608	14.42	15.19	14.22	14.93	1628400
20060607	14.69	14.69	14.38	14.53	1068200
20060606	14.50	14.75	14.50	14.62	1062500
20060605	14.30	14.73	14.28	14.57	1224900
20060602	14.37	14.45	14.24	14.30	1088800
20060601	14.21	14.36	14.20	14.36	1318000
20060531	14.22	14.34	14.05	14.21	1611200
20060530	14.00	14.00	13.83	13.85	803400
20060526	14.07	14.07	13.76	13.99	1333200
20060525	13.51	14.07	13.42	14.02	1952400
20060524	13.49	13.74	13.36	13.57	4308200
20060523	13.95	13.98	13.50	13.62	1477800
20060522	13.80	14.05	13.64	13.87	1836000
20060519	14.15	14.29	13.77	13.85	3385200
20060518	14.26	14.53	14.17	14.20	2085200
20060517	14.41	14.68	14.28	14.28	2168800
20060516	14.46	14.75	14.36	14.64	2217200
20060515	14.47	14.74	14.06	14.50	3115300
20060512	15.10	15.25	14.37	14.51	13630400
20060511	19.75	19.80	19.24	19.66	2515200
20060510	19.61	19.95	19.61	19.79	761300
20060509	19.88	20.15	19.53	19.74	1016800
20060508	19.49	20.49	19.49	19.97	1308800
20060505	19.16	19.66	19.09	19.62	1057400
20060504	18.27	19.09	18.19	18.99	1019300
20060503	18.20	18.41	18.09	18.18	931400
20060502	18.57	18.69	18.25	18.31	661600
20060501	18.59	18.75	18.44	18.48	509200
20060428	18.75	18.94	18.50	18.65	508400
20060427	18.71	19.02	18.52	18.60	765600
20060426	18.32	18.88	18.22	18.88	1336200
20060425	18.62	18.74	18.28	18.37	496500
20060424	18.30	18.77	18.30	18.57	647000
20060421	18.28	18.74	18.22	18.40	871800
20060420	18.45	18.50	18.18	18.33	1198600
20060419	18.52	18.80	18.35	18.44	1281700
20060418	19.15	19.22	18.57	18.66	2952000
20060417	19.30	19.62	18.63	19.01	1265800
20060413	19.62	19.94	19.19	19.38	835000
20060412	19.61	19.99	19.53	19.82	486200
20060411	19.21	19.76	19.20	19.74	916200
20060410	19.40	19.70	18.89	19.26	1086500
20060407	20.03	20.33	19.53	19.76	595100
20060406	19.99	20.20	19.51	20.12	585900
20060405	20.54	20.55	19.84	20.10	785000
20060404	19.40	20.55	19.40	20.43	1619000
20060403	20.49	20.49	19.50	19.55	1037100
20060331	19.77	20.38	19.64	20.27	1406800
20060330	18.80	19.88	18.62	19.81	1421400
20060329	18.21	18.92	18.13	18.72	1366300
20060328	18.30	18.36	18.19	18.27	493600
20060327	18.34	18.46	18.25	18.28	485400
20060324	18.49	18.56	18.36	18.49	557000
20060323	18.58	18.81	18.33	18.49	1242600
20060322	17.48	18.61	17.42	18.50	1568700
20060321	18.07	18.23	17.49	17.62	1427800
20060320	18.16	18.31	18.06	18.12	673000
20060317	18.14	18.20	17.96	18.18	2022700
20060316	18.64	18.67	18.09	18.14	1155400
20060315	18.56	18.88	18.41	18.70	438800
20060314	18.70	18.84	18.45	18.60	739600
20060313	18.52	18.76	18.25	18.65	579200
20060310	18.58	18.80	18.05	18.47	1060300
20060309	18.83	18.94	18.52	18.57	1017100
20060308	19.00	19.13	18.47	18.77	1467700
20060307	19.38	19.38	18.95	19.13	719900
20060306	19.31	19.50	19.26	19.36	996400
20060303	19.07	19.49	18.92	19.40	776000
20060302	19.25	19.40	19.01	19.16	626000
20060301	19.01	19.57	18.85	19.40	1285400
20060228	19.56	19.56	18.79	18.97	2488600
20060227	19.62	19.84	19.49	19.51	1206600
20060224	19.94	20.00	19.50	19.52	1933200
20060223	20.28	20.30	19.94	20.02	852400
20060222	20.10	20.56	19.98	20.30	1656900
20060221	20.07	20.21	19.78	19.98	2299400
20060217	19.80	20.50	19.73	20.12	2051000
20060216	19.70	20.76	19.45	19.82	13689600
20060215	23.71	24.64	23.49	24.25	1952200
20060214	24.08	24.20	23.28	23.83	1425600
20060213	24.02	24.28	23.82	24.20	735400
20060210	24.31	24.40	23.55	24.24	2202100
20060209	25.63	26.11	25.10	25.24	440400
20060208	25.53	25.87	25.33	25.70	486600
20060207	25.27	25.72	25.20	25.54	491200
20060206	25.23	25.59	25.20	25.52	393200
20060203	25.48	25.67	24.80	25.47	846800
20060202	26.01	27.55	25.62	25.89	753800
20060201	25.93	26.30	25.48	26.18	418400
20060131	26.29	26.46	25.60	26.02	587300
20060130	26.33	26.61	26.13	26.31	736800
20060127	25.69	26.55	25.57	26.17	972600
20060126	25.60	25.90	25.31	25.67	605000
20060125	25.42	25.50	24.70	25.30	589100
20060124	25.66	25.88	25.25	25.49	1179400
20060123	25.27	25.77	25.00	25.66	634200
20060120	25.73	26.00	25.21	25.35	760600
20060119	25.95	26.11	25.63	25.98	437200
20060118	25.67	26.13	25.67	25.96	1305900
20060117	25.84	25.99	25.72	25.87	1292000
20060113	25.53	25.80	25.37	25.72	635100
20060112	25.25	25.70	25.05	25.63	854700
20060111	25.28	25.65	25.05	25.44	966900
20060110	24.86	25.40	24.52	25.31	1861200
20060109	24.04	24.51	23.80	24.42	1079600
20060106	24.24	24.34	23.61	24.01	1600500
20060105	24.33	24.35	23.80	24.00	618800
20060104	24.00	24.30	23.59	24.25	1135600
20060103	24.00	24.20	23.45	24.00	1029700
20051230	23.68	24.19	23.40	23.96	529000
20051229	24.00	24.23	23.68	23.83	449400
20051228	23.57	24.06	23.10	23.95	947000
20051227	23.90	24.22	23.15	23.72	550500
20051223	24.26	24.39	23.77	23.96	498600
20051222	24.41	24.56	23.61	24.18	1500000
20051221	24.66	24.76	24.15	24.32	1044600
20051220	25.49	25.56	24.45	24.76	1073400
20051219	25.66	25.94	24.80	25.42	2319800
20051216	25.65	26.32	24.96	26.10	8208000
20051215	25.43	25.58	25.03	25.43	834800
20051214	25.21	25.48	24.81	25.36	693100
20051213	25.15	25.43	24.73	25.12	891600
20051212	25.25	25.30	24.60	25.20	704400
20051209	24.55	25.12	24.33	24.90	981000
20051208	24.50	24.77	24.20	24.62	528500
20051207	24.21	24.80	24.21	24.58	996000
20051206	24.63	24.79	24.21	24.31	676400
20051205	24.97	24.97	24.14	24.38	1101300
20051202	24.65	24.93	24.40	24.90	470800
20051201	24.89	25.08	24.63	24.84	1449000
20051130	23.97	24.99	23.74	24.89	2771600
20051129	23.13	24.25	23.10	23.66	1951800
20051128	23.35	23.47	22.92	23.19	645500
20051125	22.94	23.42	22.94	23.14	193400
20051123	23.10	23.40	22.55	22.80	1132400
20051122	22.72	23.69	22.42	23.40	1898600
20051121	21.68	22.90	21.68	22.60	2279800
20051118	21.65	21.91	21.55	21.70	833900
20051117	21.45	21.87	21.16	21.65	1132600
20051116	21.69	22.08	21.37	21.41	575300
20051115	21.46	21.59	21.08	21.51	661400
20051114	21.50	21.82	21.15	21.57	949800
20051111	21.99	22.12	21.38	21.50	686900
20051110	22.10	22.46	21.91	22.00	647100
20051109	22.62	22.79	22.02	22.30	823200
20051108	22.42	22.90	21.90	22.59	704800
20051107	22.80	22.87	22.06	22.63	723600
20051104	23.48	24.12	22.20	22.73	4354600
20051103	20.50	20.97	20.13	20.71	2266800
20051102	18.94	19.54	18.80	19.40	824000
20051101	18.68	19.19	18.68	19.04	820800
20051031	18.61	19.23	18.49	18.85	903800
20051028	18.59	18.89	18.58	18.78	607300
20051027	19.08	19.10	18.70	18.83	572600
20051026	18.81	19.03	18.51	18.74	471600
20051025	19.09	19.24	18.75	18.83	491200
20051024	19.62	19.62	18.86	19.27	794000
20051021	19.36	19.94	19.21	19.58	417200
20051020	19.52	19.70	18.98	19.50	588100
20051019	19.85	19.99	19.45	19.59	467400
20051018	20.47	20.58	19.70	19.87	300700
20051017	20.08	20.50	19.75	20.42	600700
20051014	19.81	20.96	19.70	20.14	479800
20051013	19.52	19.91	19.30	19.76	621500
20051012	19.95	20.25	19.54	19.65	620400
20051011	20.31	20.58	19.90	20.05	446000
20051010	20.00	20.50	19.90	20.30	442300
20051007	19.92	20.40	19.72	20.10	546500
20051006	20.30	20.30	19.66	20.04	367800
20051005	20.60	20.77	19.92	20.09	538700
20051004	20.44	21.02	20.40	20.59	672800
20051003	20.41	21.25	20.20	20.41	1023300
20050930	19.65	19.99	19.52	19.81	1073000
20050929	19.61	20.11	19.54	20.02	1144200
20050928	19.88	19.93	19.64	19.73	651600
20050927	20.04	20.27	19.65	19.92	676500
20050926	20.03	20.33	19.90	20.04	765600
20050923	20.29	20.30	19.75	20.08	690200
20050922	20.66	20.67	19.63	20.25	972600
20050921	21.44	21.50	18.61	20.65	896600
20050920	21.07	21.07	20.76	20.94	665300
20050919	20.80	21.31	20.76	21.05	1082000
20050916	21.25	21.46	20.75	21.00	951900
20050915	21.73	21.85	21.05	21.41	1261400
20050914	21.94	22.14	21.75	21.82	727400
20050913	22.34	22.41	22.00	22.07	748300
20050912	21.95	22.79	21.95	22.10	1010600
20050909	22.00	22.35	21.75	22.06	1995900
20050908	22.17	22.97	22.02	22.45	640200
20050907	21.95	22.59	21.91	22.28	683400
20050906	21.69	22.55	21.69	22.09	1242200
20050902	22.19	22.63	21.72	22.37	918500
20050901	22.14	22.44	22.06	22.22	740500
20050831	22.27	22.43	22.00	22.26	827000
20050830	22.04	22.50	22.00	22.40	606100
20050829	22.05	22.50	21.90	22.34	465000
20050826	22.14	22.53	21.90	22.11	540000
20050825	21.43	22.31	21.43	22.16	789600
20050824	21.30	21.78	21.22	21.60	1159600
20050823	21.38	21.64	21.21	21.45	1077200
20050822	21.70	21.80	21.20	21.60	1630600
20050819	21.61	21.90	21.54	21.65	736700
20050818	21.29	22.00	21.29	21.75	1340000
20050817	21.18	21.99	21.15	21.69	1120600
20050816	21.29	21.60	20.69	21.45	2345600
20050815	22.50	22.58	21.30	21.44	1489800
20050812	22.73	22.75	21.50	22.30	1689000
20050811	23.58	23.78	22.78	22.87	1705200
20050810	24.19	24.52	23.67	23.70	2559000
20050809	23.27	23.85	22.52	23.85	4870400
20050808	23.50	23.65	21.26	22.50	6384200
20050805	23.69	23.69	23.15	23.37	207000
20050804	23.77	23.89	23.35	23.60	141200
20050803	24.27	24.27	23.76	23.85	147800
20050802	26.00	26.00	23.64	24.05	299700
20050801	24.23	24.50	24.10	24.35	165000
20050729	24.10	24.35	23.85	24.34	60700
20050728	24.10	24.12	23.91	24.05	93600
20050727	24.00	24.12	23.65	24.07	98100
20050726	24.35	24.35	23.75	24.00	102400
20050725	24.90	24.90	24.15	24.24	39600
20050722	24.62	24.90	23.95	24.86	56800
20050721	24.11	24.60	23.92	24.02	109200