Date	Open	High	Low	Close	Volume
20130923	78.30	78.73	78.03	78.40	1945300
20130920	79.22	79.91	78.30	78.30	8038900
20130919	79.77	80.07	79.02	79.20	1363300
20130918	79.25	80.01	78.23	79.50	2358100
20130917	77.91	79.71	77.85	79.37	1852300
20130916	78.41	78.92	77.70	77.85	1345600
20130913	78.09	78.15	77.40	77.48	1216600
20130912	78.22	78.89	77.74	77.81	1394100
20130911	77.08	78.04	77.08	78.00	1436400
20130910	77.09	77.87	77.09	77.48	1596800
20130909	77.28	77.82	76.66	76.78	1902900
20130906	78.07	78.29	76.85	76.97	1865700
20130905	79.53	79.60	77.81	77.93	1075000
20130904	79.01	79.94	78.89	79.11	2009900
20130903	78.51	79.25	77.51	78.94	2757400
20130830	79.00	79.00	77.32	77.68	3758200
20130829	76.08	79.14	75.96	78.59	3025100
20130828	75.61	76.38	75.15	76.14	1189000
20130827	75.35	76.09	75.08	75.65	1012500
20130826	75.98	77.01	75.53	76.05	1140500
20130823	76.21	76.60	76.03	76.23	1552200
20130822	75.20	76.17	75.09	75.97	1038000
20130821	75.02	76.10	74.92	75.25	1158900
20130820	74.86	75.62	74.86	75.51	1957500
20130819	76.33	76.37	74.77	74.84	1654100
20130816	75.67	76.25	75.21	76.24	2005800
20130815	76.04	76.25	74.00	75.74	1756300
20130814	77.29	77.29	75.84	76.46	2439100
20130813	77.90	78.68	77.49	77.80	2019500
20130812	78.18	78.45	77.63	77.86	2664300
20130809	79.00	79.67	78.82	79.15	1560000
20130808	79.98	80.20	78.89	79.15	1525200
20130807	79.75	79.77	79.13	79.74	1614700
20130806	79.43	80.14	78.88	79.70	2009800
20130805	78.68	79.79	78.26	79.60	1653100
20130802	81.25	81.25	77.48	78.92	6590600
20130801	82.04	82.50	80.75	80.99	3448600
20130731	81.26	82.04	80.64	81.12	3298500
20130730	80.35	81.22	80.26	80.53	1221300
20130729	80.54	80.72	79.86	80.32	952300
20130726	79.97	81.00	79.75	80.34	1445400
20130725	80.40	80.71	80.13	80.38	1857200
20130724	81.28	81.93	80.38	80.44	1970100
20130723	81.31	81.69	80.13	81.01	3202200
20130722	81.10	81.52	80.91	81.36	1570900
20130719	81.60	81.87	80.96	81.19	2279300
20130718	81.53	81.74	81.12	81.29	6280100
20130717	80.16	81.58	80.00	81.41	4684700
20130716	79.78	80.14	79.24	79.76	2386100
20130715	79.53	79.95	79.00	79.78	1620800
20130712	79.28	79.29	78.02	79.22	2008300
20130711	78.25	79.25	77.54	79.24	3035500
20130710	77.97	78.11	76.61	77.42	2738600
20130709	77.46	78.11	77.43	77.89	1681300
20130708	77.32	78.00	76.92	77.36	1463100
20130705	77.17	77.43	76.53	76.97	1555400
20130703	75.15	77.19	74.74	76.99	2111200
20130702	74.22	75.69	74.09	75.65	3994900
20130701	74.28	74.49	72.62	74.41	2788700
20130628	73.20	74.22	72.91	73.49	11319900
20130627	72.86	74.16	72.45	73.81	3212900
20130626	71.43	72.84	70.95	72.74	2833000
20130625	69.75	71.51	69.73	71.12	2201100
20130624	69.13	70.38	69.06	69.70	2534000
20130621	69.26	70.31	69.10	70.11	4473100
20130620	70.03	72.45	68.83	69.03	4370100
20130619	71.98	73.28	70.55	70.73	3104600
20130618	72.35	73.26	71.65	71.88	3252400
20130617	74.64	74.94	71.33	72.03	3903200
20130614	73.72	74.29	72.85	73.64	2054400
20130613	72.60	73.77	72.12	73.62	2971000
20130612	73.56	74.51	72.10	72.59	3581200
20130611	72.75	74.10	72.52	73.15	2704400
20130610	76.04	76.76	73.94	74.18	3773000
20130607	73.70	76.48	73.33	76.24	8245500
20130606	72.90	73.42	71.70	73.41	2713900
20130605	74.52	74.65	72.49	72.60	3023100
20130604	73.88	75.27	73.83	74.57	3010300
20130603	73.84	74.39	73.05	74.00	2138500
20130531	74.52	74.94	73.68	73.70	1896500
20130530	74.97	76.37	74.18	74.51	2106900
20130529	75.30	75.57	74.07	75.01	2110200
20130528	76.13	76.51	75.15	75.59	1035500
20130524	74.66	75.65	74.29	75.56	1318300
20130523	74.77	75.51	74.43	74.84	1503800
20130522	75.97	76.60	75.13	75.50	2048800
20130521	75.18	76.21	75.16	76.05	3005100
20130520	75.45	75.51	74.45	75.13	2335900
20130517	76.68	76.68	74.98	75.49	2214400
20130516	76.78	76.82	75.67	75.81	2446900
20130515	76.70	77.69	76.35	76.60	1775700
20130514	77.09	77.69	76.58	77.29	2596000
20130513	76.88	77.22	76.14	76.89	1217600
20130510	76.71	77.78	76.70	76.93	1264000
20130509	78.62	78.64	75.80	76.86	6113700
20130508	78.19	79.11	77.70	79.05	2749800
20130507	75.11	78.24	75.06	78.01	3105300
20130506	74.69	75.63	74.04	75.18	1188600
20130503	74.96	75.32	74.01	74.98	1737100
20130502	74.40	74.49	73.54	74.32	1798400
20130501	72.48	74.62	72.24	74.08	2781800
20130430	73.21	73.51	72.15	72.37	3521200
20130429	73.70	74.24	73.04	73.29	1524700
20130426	72.56	74.04	72.07	73.61	1792500
20130425	72.48	72.93	71.79	72.65	2264100
20130424	73.44	73.90	72.36	72.44	1893500
20130423	73.44	73.56	72.12	73.00	1535100
20130422	73.40	73.78	72.34	72.74	1937900
20130419	72.81	73.64	72.44	73.44	1740200
20130418	73.89	73.89	72.57	72.85	1523400
20130417	73.63	74.43	72.72	73.39	1738000
20130416	74.39	74.69	73.67	74.48	2353700
20130415	75.16	75.24	73.39	74.07	1971400
20130412	75.43	75.79	74.38	75.54	2308500
20130411	74.21	75.86	74.00	75.14	2775200
20130410	74.07	74.85	73.55	73.79	1863400
20130409	74.05	74.69	73.16	73.69	1417600
20130408	73.88	74.41	73.09	74.10	2252300
20130405	73.48	74.11	72.25	73.98	1639400
20130404	74.38	74.52	73.67	74.45	2294400
20130403	75.20	75.45	73.45	74.42	3466900
20130402	74.10	75.63	73.78	75.31	5404200
20130401	73.66	74.61	72.93	73.66	2011000
20130328	71.82	73.47	70.35	73.38	4078100
20130327	71.06	72.40	70.57	72.35	2908900
20130326	70.77	71.74	69.67	71.60	3117100
20130325	70.51	70.78	68.91	69.52	2144400
20130322	69.55	71.26	69.48	70.61	1849100
20130321	69.49	69.88	69.17	69.36	2226200
20130320	68.26	70.10	68.14	69.99	2703500
20130319	68.51	68.87	67.49	68.11	2037600
20130318	68.41	68.67	67.13	68.24	3579200
20130315	70.29	70.29	69.01	69.12	2780300
20130314	70.47	70.65	69.49	70.11	2599900
20130313	71.16	71.79	70.22	70.29	2027900
20130312	71.76	71.76	70.73	70.92	2677600
20130311	71.58	71.83	71.30	71.77	1864900
20130308	71.34	71.78	70.66	71.74	4363900
20130307	71.18	71.34	70.50	70.98	2020000
20130306	71.27	71.80	70.20	71.01	2688300
20130305	70.39	71.16	70.04	70.82	4075000
20130304	69.15	70.16	69.05	70.09	2506900
20130301	68.20	69.44	67.71	69.13	2916000
20130228	67.28	69.02	67.11	68.89	3054700
20130227	66.33	67.95	65.77	67.51	3576000
20130226	65.74	66.43	64.83	66.35	3682800
20130225	64.22	65.73	63.37	65.20	3578900
20130222	63.69	64.88	63.12	64.86	2881500
20130221	64.57	64.60	62.71	63.39	4233600
20130220	64.92	65.18	64.35	64.57	4416000
20130219	65.81	65.87	64.71	65.05	3008300
20130215	66.20	66.56	65.31	65.61	3681000
20130214	64.77	66.92	64.77	66.10	3670400
20130213	68.37	68.37	66.74	67.04	3587000
20130212	68.03	68.58	67.52	67.71	3862300
20130211	67.89	68.04	66.98	67.94	4283900
20130208	68.07	68.30	67.02	68.01	4867300
20130207	66.10	68.67	65.77	68.07	9074700
20130206	65.33	66.39	63.79	66.06	24049800
20130205	69.55	69.88	66.32	67.88	6792800
20130204	70.00	70.51	69.16	69.46	1237500
20130201	68.95	70.65	68.46	70.48	1735600
20130131	68.08	68.46	67.57	68.29	2771400
20130130	69.26	69.39	68.71	68.77	915900
20130129	68.91	69.07	68.19	68.81	912900
20130128	68.32	69.25	68.25	68.97	909900
20130125	67.87	68.45	67.24	68.43	1197200
20130124	68.07	68.66	67.45	67.50	1625000
20130123	68.20	68.31	67.20	67.78	1838400
20130122	69.15	69.39	67.91	68.04	1295200
20130118	68.15	69.59	68.15	69.43	1673800
20130117	67.91	68.55	67.75	68.52	1306500
20130116	66.87	67.68	66.69	67.54	706900
20130115	66.17	66.85	65.79	66.81	743000
20130114	67.39	67.50	66.48	66.77	987900
20130111	67.05	67.66	66.15	67.50	2605600
20130110	66.07	67.41	66.07	66.58	976800
20130109	65.46	66.57	65.27	65.96	597200
20130108	65.49	65.54	65.00	65.46	932600
20130107	65.12	65.94	65.01	65.31	887300
20130104	65.13	65.68	65.04	65.47	668500
20130103	64.97	65.73	64.80	65.30	895500
20130102	64.36	65.24	64.21	65.14	1213700
20121231	61.65	63.24	61.38	62.96	1174300
20121228	61.76	62.81	61.56	61.65	703900
20121227	61.88	62.43	61.07	62.29	1659400
20121226	62.39	62.97	61.63	61.72	629700
20121224	62.52	62.96	61.91	62.28	510800
20121221	62.07	62.92	61.52	62.49	5148300
20121220	62.77	63.94	62.63	63.20	1108500
20121219	62.91	63.31	62.65	62.97	1428800
20121218	61.87	62.91	61.50	62.74	1702700
20121217	61.21	61.65	60.49	61.63	2410500
20121214	60.17	60.72	59.81	60.31	1226300
20121213	60.48	61.12	60.15	60.23	2162700
20121212	60.96	61.15	60.37	60.58	984400
20121211	60.37	60.62	60.23	60.60	737200
20121210	60.12	60.59	59.69	60.30	872700
20121207	59.57	60.68	59.57	60.05	1930900
20121206	58.68	60.10	58.60	60.04	1741600
20121205	57.54	58.87	57.30	58.76	2286600
20121204	57.34	57.73	57.19	57.19	2306400
20121203	56.20	58.06	56.01	57.43	2594900
20121130	57.23	57.58	55.88	56.04	3075500
20121129	57.38	57.85	56.89	57.08	914200
20121128	56.75	57.50	56.45	57.35	774700
20121127	57.04	57.62	56.94	57.09	820000
20121126	56.81	57.95	56.81	57.27	808300
20121123	57.20	57.66	56.75	57.03	350100
20121121	57.55	58.04	56.95	57.17	858800
20121120	56.60	57.84	56.45	57.71	1410800
20121119	56.76	57.04	56.45	56.80	791500
20121116	55.07	56.43	54.48	56.29	1306600
20121115	54.49	55.80	54.05	54.85	1827400
20121114	57.22	57.84	54.81	54.90	1383600
20121113	57.26	58.33	56.46	56.96	1287800
20121112	58.07	58.21	55.95	57.62	675600
20121109	57.97	59.70	57.63	57.83	723700
20121108	57.80	58.75	57.80	58.02	960500
20121107	58.31	58.53	57.63	57.69	810400
20121106	57.76	59.04	57.72	58.59	2078100
20121105	59.79	59.79	56.06	58.10	3153900
20121102	60.73	61.34	59.86	59.90	727400
20121101	60.34	60.92	60.10	60.62	792700
20121031	60.63	60.88	59.81	60.03	683500
20121026	60.65	60.99	60.10	60.40	476800
20121025	61.37	61.79	60.42	60.69	681500
20121024	61.38	61.66	60.80	60.91	595800
20121023	62.00	62.00	60.68	61.18	842700
20121022	62.43	62.86	61.70	62.05	959900
20121019	62.00	62.45	61.62	62.10	2606900
20121018	61.66	62.10	61.50	62.02	1447400
20121017	60.72	61.80	60.54	61.66	1633600
20121016	61.35	61.47	60.95	61.07	1593500
20121015	60.87	61.49	60.76	61.22	1173500
20121012	60.77	61.34	60.50	60.86	757900
20121011	60.28	61.03	60.26	60.66	803200
20121010	60.36	60.68	60.00	60.28	887900
20121009	61.11	61.34	60.21	60.27	756200
20121008	61.55	61.60	61.04	61.26	527300
20121005	62.19	62.44	61.54	61.63	997500
20121004	62.12	62.21	61.46	61.56	1230600
20121003	61.45	62.21	61.38	61.85	993300
20121002	61.20	61.75	61.02	61.50	2615700
20121001	60.66	61.99	60.37	61.15	1851700
20120928	60.31	60.86	60.16	60.75	1149800
20120927	60.34	60.86	59.98	60.59	1717500
20120926	60.09	60.33	59.56	60.05	1044700
20120925	60.19	61.00	59.92	60.30	1298100
20120924	59.63	60.40	59.04	60.28	1615600
20120921	58.18	59.67	57.65	59.57	3538900
20120920	57.01	57.76	56.16	57.69	925800
20120919	57.19	57.49	56.82	57.28	789900
20120918	57.35	57.55	57.18	57.41	683200
20120917	58.27	58.27	57.39	57.54	615400
20120914	57.91	58.65	57.73	58.37	774800
20120913	57.06	57.98	56.67	57.78	666200
20120912	57.07	57.41	56.90	57.12	392700
20120911	57.05	57.28	56.74	56.87	605200
20120910	57.37	57.37	56.99	57.11	451400
20120907	57.11	57.62	56.99	57.20	834100
20120906	56.51	56.97	56.45	56.97	1109700
20120905	56.80	56.80	55.91	56.29	641800
20120904	55.45	56.26	55.31	56.01	642200
20120831	55.09	55.92	55.01	55.27	1023500
20120830	54.89	55.32	54.89	54.90	338000
20120829	55.02	55.36	54.98	55.14	342900
20120828	54.93	55.55	54.93	55.12	460000
20120827	55.23	55.52	54.80	55.12	344600
20120824	54.37	55.13	54.25	54.88	513100
20120823	54.84	55.02	54.41	54.60	550100
20120822	55.05	55.21	54.74	54.87	820500
20120821	55.10	55.73	55.05	55.10	732600
20120820	55.68	55.68	54.74	55.10	797800
20120817	55.97	56.58	55.22	55.56	762700
20120816	56.76	56.76	55.92	56.17	402900
20120815	56.06	56.69	55.92	56.46	948500
20120814	55.95	56.81	55.67	56.29	1304000
20120813	55.37	56.11	55.00	55.86	874500
20120810	54.99	55.40	54.61	55.37	597600
20120809	54.57	55.18	54.29	55.04	895100
20120808	54.80	55.03	54.29	54.89	932900
20120807	55.10	55.42	54.70	54.80	562800
20120806	54.17	55.03	54.07	54.75	1090500
20120803	53.17	55.19	52.99	54.21	1407500
20120802	51.61	52.97	51.58	52.68	843200
20120801	53.23	53.49	52.30	52.33	962500
20120731	52.75	53.09	52.46	52.78	669500
20120730	52.05	52.96	51.62	52.71	357300
20120727	52.08	52.61	51.54	52.04	844200
20120726	52.25	52.48	51.59	51.74	544400
20120725	51.91	51.93	51.12	51.43	567800
20120724	51.73	52.11	51.34	51.69	457000
20120723	51.75	52.05	50.92	51.72	479500
20120720	52.36	52.75	52.20	52.24	509000
20120719	52.00	53.32	51.84	52.94	831000
20120718	52.36	52.98	51.54	51.73	924600
20120717	51.34	52.72	51.05	52.62	677700
20120716	50.18	51.05	49.78	50.99	823700
20120713	49.75	50.56	49.38	50.32	580200
20120712	48.98	49.43	48.49	49.21	477700
20120711	49.64	49.99	48.93	49.22	584400
20120710	49.80	50.06	49.25	49.47	917800
20120709	50.84	51.13	50.63	50.81	456400
20120706	50.49	51.23	50.49	50.87	389800
20120705	50.59	51.40	50.14	50.83	636000
20120703	50.71	51.27	50.50	50.64	482900
20120702	49.74	50.79	49.59	50.49	446700
20120629	48.98	49.77	48.49	49.63	858400
20120628	48.03	48.64	47.78	48.56	448500
20120627	48.05	48.76	47.25	48.30	407500
20120626	48.09	48.20	47.32	47.84	500400
20120625	47.70	48.14	47.50	47.96	531900
20120622	48.22	48.52	47.95	48.27	710400
20120621	48.55	48.91	47.91	47.94	607800
20120620	48.31	48.60	48.05	48.50	355000
20120619	48.20	48.88	47.82	48.50	514000
20120618	46.96	48.30	46.80	48.04	519200
20120615	46.19	47.42	46.19	47.08	762400
20120614	46.27	46.71	45.98	46.40	652000
20120613	46.36	46.83	45.84	46.04	526800
20120612	46.21	47.01	45.88	46.50	544400
20120611	47.16	47.18	46.17	46.21	506000
20120608	46.86	47.00	46.32	46.66	629100
20120607	47.42	47.99	47.08	47.16	801200
20120606	46.70	47.22	46.56	47.04	693000
20120605	45.50	46.33	45.22	46.15	539500
20120604	45.21	45.78	45.02	45.68	883000
20120601	45.56	45.82	44.87	45.21	1837400
20120531	46.57	46.70	44.93	46.20	2125800
20120530	47.02	47.19	46.24	46.48	758800
20120529	47.82	47.82	47.20	47.54	860600
20120525	47.51	47.60	47.12	47.31	322000
20120524	47.47	47.67	46.98	47.43	475500
20120523	47.65	47.65	46.13	47.49	1273400
20120522	47.72	48.16	47.36	48.01	718800
20120521	46.57	47.53	46.19	47.45	713300
20120518	48.00	48.35	46.29	46.38	2147000
20120517	50.22	50.34	48.19	48.52	1672700
20120516	49.57	50.51	49.51	50.22	1243000
20120515	49.67	50.03	49.26	49.56	852300
20120514	50.30	50.70	49.62	49.77	1247000
20120511	49.06	51.25	49.06	50.77	853700
20120510	49.73	50.09	49.39	49.53	764000
20120509	49.29	49.54	48.76	49.16	1057400
20120508	49.60	49.99	48.84	49.89	1652100
20120507	49.72	50.17	49.30	49.85	448000
20120504	50.05	50.06	49.61	49.78	402000
20120503	49.89	50.39	49.86	50.21	481100
20120502	49.58	50.25	49.42	50.08	274000
20120501	49.90	50.36	49.56	49.99	254000
20120430	49.95	50.01	49.60	49.81	1179800
20120427	50.00	50.24	49.51	50.00	611300
20120426	48.90	49.91	48.69	49.64	344200
20120425	49.16	49.16	48.79	48.89	613500
20120424	48.73	48.90	48.30	48.55	675400
20120423	49.10	49.18	48.37	48.84	500700
20120420	49.52	49.80	49.31	49.62	332100
20120419	49.40	49.60	49.13	49.25	763600
20120418	49.22	49.64	49.20	49.51	569800
20120417	49.31	49.76	49.10	49.49	575800
20120416	48.75	48.99	48.45	48.92	791200
20120413	48.59	49.01	48.45	48.72	441400
20120412	47.85	48.86	47.85	48.63	672100
20120411	48.08	48.15	47.74	47.84	515800
20120410	48.71	48.86	47.51	47.65	565500
20120409	48.70	48.90	48.40	48.70	373200
20120405	48.81	49.58	48.58	49.53	679100
20120404	49.68	49.68	48.63	49.08	645600
20120403	50.00	50.30	49.69	49.90	1244700
20120402	49.87	51.02	49.77	50.80	1081200
20120330	50.51	50.74	49.87	50.08	781300
20120329	50.00	50.32	49.32	50.13	626700
20120328	50.56	50.83	50.09	50.27	843300
20120327	51.01	51.04	50.44	50.48	593200
20120326	50.50	51.05	50.45	50.85	555800
20120323	49.90	50.31	49.71	50.27	649300
20120322	49.89	50.30	49.71	49.89	543800
20120321	50.70	51.19	50.25	50.27	616000
20120320	50.73	50.75	50.12	50.73	575300
20120319	50.71	51.17	50.35	50.90	670500
20120316	51.08	51.09	50.39	50.68	893200
20120315	51.45	51.45	50.80	50.92	1262700
20120314	51.79	52.00	51.09	51.26	865000
20120313	50.36	51.72	50.34	51.59	1401300
20120312	50.25	50.55	49.85	50.30	916200
20120309	50.23	50.45	50.00	50.27	813900
20120308	50.19	50.59	49.99	50.44	489300
20120307	49.38	50.00	49.29	49.76	339900
20120306	49.39	49.63	48.91	49.32	677000
20120305	50.38	50.39	49.86	50.02	905600
20120302	51.16	51.37	50.34	50.58	850200
20120301	50.14	51.43	50.11	51.40	1619300
20120229	49.52	50.20	49.43	50.18	1512100
20120228	49.57	49.94	49.30	49.53	1190700
20120227	48.99	49.93	48.87	49.60	1163100
20120224	48.33	49.33	47.91	49.25	1170100
20120223	47.92	49.05	47.49	48.49	1086400
20120222	48.47	48.99	47.72	48.37	1060400
20120221	49.50	49.54	48.29	48.45	1070800
20120217	48.70	49.49	48.44	49.32	1366900
20120216	49.60	49.64	48.72	48.80	930700
20120215	49.50	50.08	48.56	49.44	873900
20120214	49.00	49.48	48.73	49.05	895700
20120213	48.92	49.47	48.55	49.32	500900
20120210	48.52	48.84	48.18	48.55	1028900
20120209	48.16	49.04	48.07	49.02	1151400
20120208	47.84	48.41	47.18	48.19	992400
20120207	48.26	48.26	47.49	47.88	1023200
20120206	47.13	48.09	46.96	47.97	764200
20120203	47.00	47.62	46.73	47.26	1232200
20120202	47.08	47.08	46.46	46.66	819300
20120201	46.03	47.44	46.03	46.81	1668900
20120131	46.00	46.00	45.41	45.88	599800
20120130	45.13	45.87	44.64	45.78	591400
20120127	45.55	46.03	44.98	45.64	912200
20120126	45.92	46.25	45.14	45.65	837800
20120125	44.76	45.75	44.67	45.71	830500
20120124	44.65	45.26	44.39	44.87	596600
20120123	45.86	46.00	44.72	45.16	1257000
20120120	45.02	45.65	44.30	45.31	1895700
20120119	44.10	45.35	43.80	45.13	1745000
20120118	43.25	44.50	43.00	43.92	1297000
20120117	42.59	43.62	42.10	43.07	925900
20120113	42.67	42.88	42.02	42.59	899600
20120112	42.69	42.96	42.11	42.94	558800
20120111	42.32	42.71	42.20	42.68	421800
20120110	42.14	42.82	41.84	42.51	925500
20120109	42.30	42.34	41.64	41.86	593600
20120106	42.16	42.72	41.34	42.21	1048300
20120105	42.35	42.50	41.87	42.29	1536500
20120104	42.22	42.49	41.73	42.39	916200
20120103	41.25	42.67	41.11	42.42	1035200
20111230	40.99	41.28	40.87	41.03	560900
20111229	40.85	41.02	40.52	40.93	596200
20111228	41.53	41.58	40.55	40.76	517300
20111227	41.40	41.67	41.05	41.63	507500
20111223	40.50	41.62	40.14	41.50	653100
20111222	40.27	40.72	40.10	40.66	484200
20111221	40.14	40.30	39.80	40.30	790400
20111220	39.50	40.44	39.44	40.27	942900
20111219	39.63	39.98	38.70	38.86	1104800
20111216	39.98	40.79	39.33	39.58	1597200
20111215	38.43	39.51	37.66	39.02	1955000
20111214	38.79	39.00	37.85	38.02	1188400
20111213	39.33	40.50	38.80	38.95	1444000
20111212	39.30	39.48	38.75	39.32	655900
20111209	39.37	39.92	39.37	39.76	459700
20111208	40.15	40.56	39.29	39.42	913800
20111207	40.67	40.67	39.45	40.43	1165300
20111206	39.71	40.24	39.29	39.77	2756600
20111205	41.00	41.13	39.27	39.75	1430800
20111202	40.43	40.98	40.10	40.38	751000
20111201	39.36	40.24	39.19	40.07	786400
20111130	39.37	39.76	38.77	39.39	4577800
20111129	39.26	39.26	38.15	38.24	1833200
20111128	40.28	40.28	38.80	39.04	1843300
20111125	39.16	39.89	38.91	39.05	667500
20111123	40.06	40.29	39.26	39.29	1012100
20111122	40.29	40.69	39.99	40.64	1295500
20111121	40.39	40.97	40.25	40.63	1275400
20111118	41.50	41.50	40.80	41.18	557200
20111117	41.52	41.89	40.92	41.00	1267500
20111116	41.68	42.98	41.44	41.70	1052300
20111115	41.49	42.49	40.97	42.15	1470500
20111114	41.62	42.09	41.26	41.44	693300
20111111	40.83	42.44	40.55	42.30	1523200
20111110	40.23	40.69	39.91	40.30	939100
20111109	40.77	40.92	39.86	40.06	821100
20111108	41.54	42.00	40.87	41.92	928500
20111107	41.33	41.75	40.79	41.42	514100
20111104	42.12	42.12	40.72	41.42	1350500
20111103	40.00	42.61	38.85	42.32	2384100
20111102	40.17	40.90	39.34	39.61	1195100
20111101	38.77	40.19	38.58	39.81	2039300
20111031	40.47	40.92	40.18	40.18	1206600
20111028	42.62	42.65	40.49	41.14	1137800
20111027	42.29	43.23	42.02	42.75	1637800
20111026	41.75	42.22	41.13	41.85	1200900
20111025	41.88	41.96	41.29	41.38	1116500
20111024	41.21	42.12	40.82	42.08	1314400
20111021	40.25	41.22	40.16	41.17	749200
20111020	39.99	40.00	39.02	39.65	878700
20111019	40.62	40.99	39.51	39.88	962800
20111018	39.67	41.23	39.25	40.86	1302800
20111017	39.58	40.11	39.49	39.74	1643300
20111014	39.19	39.87	37.83	39.84	988300
20111013	38.50	38.98	37.75	38.43	876600
20111012	38.39	39.08	37.98	38.83	1411500
20111011	37.36	38.52	37.21	38.20	1138400
20111010	36.54	37.69	36.30	37.50	1217200
20111007	36.14	36.66	35.58	36.09	1992200
20111006	33.42	36.22	33.27	35.97	3097900
20111005	34.05	34.09	32.07	33.43	4004800
20111004	33.06	34.10	32.06	34.06	4068700
20111003	35.75	35.90	33.70	33.74	2903000
20110930	36.61	36.91	35.77	36.18	1708400
20110929	38.52	38.52	36.29	36.93	1009300
20110928	38.12	38.54	37.27	37.37	952100
20110927	37.64	39.01	37.52	38.02	1200300
20110926	37.23	37.31	36.05	37.14	999700
20110923	36.56	37.07	35.99	36.94	917400
20110922	36.84	37.83	36.03	36.77	1875000
20110921	38.02	39.15	37.73	37.98	1399100
20110920	38.41	39.36	38.07	38.07	1033000
20110919	37.75	38.50	37.61	38.27	1089800
20110916	37.43	38.64	37.38	38.46	2553400
20110915	37.47	37.78	36.88	37.32	1831400
20110914	36.85	37.35	36.39	36.87	2471900
20110913	36.21	36.87	36.18	36.68	2830300
20110912	36.20	36.57	35.60	36.20	2785600
20110909	38.22	38.33	36.50	36.70	2822900
20110908	38.53	39.30	38.21	38.70	2278500
20110907	38.55	39.15	38.11	38.88	1768100
20110906	37.01	38.17	36.61	38.08	1547100
20110902	39.37	39.64	37.99	38.24	1762000
20110901	40.26	40.58	39.64	40.20	2113700
20110831	39.70	40.52	39.52	40.39	3508900
20110830	37.89	39.46	37.46	39.25	2748700
20110829	36.39	38.41	36.35	38.37	1932400
20110826	34.91	36.42	34.28	36.00	3869100
20110825	35.74	35.86	35.11	35.26	2259700
20110824	35.08	35.66	34.91	35.41	2802400
20110823	36.29	36.31	34.64	35.05	4180800
20110822	37.47	37.63	35.87	35.98	1649800
20110819	36.92	37.90	36.56	36.64	1552900
20110818	38.51	39.06	37.03	37.47	2282500
20110817	39.89	40.24	39.37	39.80	1123500
20110816	40.11	40.31	39.59	39.81	1756000
20110815	39.72	40.39	39.46	40.39	1564800
20110812	39.50	40.23	38.96	39.50	1512300
20110811	36.74	39.77	36.35	39.10	3624600
20110810	35.58	37.39	34.93	36.53	3344700
20110809	34.20	36.23	33.39	36.20	4593100
20110808	35.32	35.55	33.27	33.63	4372300
20110805	39.36	39.86	35.07	36.80	4146200
20110804	40.84	40.85	38.89	38.91	3609300
20110803	40.16	41.37	38.67	41.24	3038500
20110802	41.02	41.67	40.11	40.19	2287800
20110801	42.12	42.37	40.84	41.52	1227400
20110729	41.78	42.37	41.18	41.80	1400100
20110728	42.77	43.01	42.10	42.19	1036000
20110727	43.43	43.46	42.75	42.84	915400
20110726	43.60	43.79	43.20	43.70	895900
20110725	43.54	43.90	43.26	43.49	568900
20110722	43.92	44.33	43.62	43.97	1140900
20110721	42.69	44.14	42.28	44.05	1690700
20110720	42.87	42.87	42.34	42.51	760000
20110719	42.62	43.26	42.33	42.63	1419000
20110718	43.35	43.46	42.14	42.25	1604600
20110715	43.99	44.16	43.30	43.67	720700
20110714	43.98	44.64	43.43	43.71	1005300
20110713	43.86	44.80	43.76	44.37	915000
20110712	44.37	44.50	43.63	43.69	878000
20110711	44.99	45.13	44.15	44.54	1042400
20110708	45.26	45.54	44.85	45.48	1144700
20110707	46.33	46.46	45.81	45.85	1033200
20110706	46.88	47.31	45.79	45.88	2229400
20110705	46.46	47.23	46.21	47.09	1660200
20110701	45.12	46.36	44.82	46.23	1466600
20110630	44.85	45.88	44.36	45.04	2013200
20110629	43.94	44.35	43.70	44.27	1426100
20110628	42.72	43.98	42.56	43.97	1619100
20110627	42.24	42.89	41.89	42.65	1283500
20110624	41.96	42.66	41.84	42.27	7425000
20110623	41.34	42.12	40.96	42.03	2175700
20110622	41.66	41.83	41.43	41.50	1170000
20110621	40.16	41.95	40.16	41.85	2417500
20110620	40.30	40.39	39.95	40.04	1028300
20110617	40.13	40.67	39.78	40.53	2074800
20110616	39.73	40.36	39.17	39.94	2154500
20110615	40.85	41.25	39.49	39.85	2999100
20110614	41.69	41.80	41.17	41.25	1520300
20110613	41.80	42.20	40.78	41.33	1906100
20110610	42.94	42.94	41.74	41.76	918300
20110609	43.26	43.42	42.65	42.99	1413300
20110608	43.18	43.49	42.79	43.05	941100
20110607	43.43	43.98	43.36	43.39	899300
20110606	43.79	43.95	43.20	43.30	1179800
20110603	44.05	44.27	43.60	43.96	1074800
20110602	44.32	44.97	44.19	44.49	925600
20110601	45.05	45.22	44.34	44.47	1632300
20110531	45.23	45.40	44.72	45.05	1651700
20110527	44.95	45.04	44.56	44.98	982300
20110526	44.24	45.18	44.19	44.92	2010900
20110525	44.25	44.53	43.45	44.25	1923500
20110524	43.99	44.13	43.57	44.02	1600000
20110523	44.49	44.81	43.96	43.99	1200000
20110520	44.81	44.97	44.28	44.82	1213400
20110519	45.00	45.10	44.58	45.05	2790600
20110518	44.67	44.97	44.19	44.85	3806700
20110517	45.52	45.55	43.83	44.76	8781900
20110516	45.53	45.92	45.11	45.53	1369800
20110513	46.39	46.39	45.43	45.52	1343000
20110512	46.46	46.81	45.74	46.02	3577200
20110511	46.65	47.30	46.43	46.65	1277800
20110510	45.87	46.99	45.75	46.86	722600
20110509	45.76	46.00	45.07	45.75	1189000
20110506	46.31	47.22	45.81	45.90	1736700
20110505	44.93	46.21	44.93	45.70	1382200
20110504	46.67	46.67	44.92	45.51	2181300
20110503	46.10	46.58	45.41	45.78	822800
20110502	46.78	46.99	45.94	46.23	1370300
20110429	46.20	46.66	46.12	46.50	1170700
20110428	45.95	46.42	45.90	46.21	1500000
20110427	45.09	46.08	45.00	45.87	2411200
20110426	45.21	45.46	45.01	45.14	1990000
20110425	44.99	45.14	44.60	45.11	542400
20110421	45.73	46.08	44.75	44.95	3207100
20110420	45.40	46.13	45.28	45.68	2291400
20110419	43.54	45.34	43.34	44.80	2423400
20110418	42.92	43.40	42.58	43.36	1076700
20110415	42.24	43.30	41.96	43.28	1166700
20110414	42.61	42.62	41.95	42.22	1921400
20110413	42.60	43.04	42.45	42.95	920100
20110412	42.54	42.55	42.08	42.48	788500
20110411	42.78	42.90	42.44	42.74	483300
20110408	43.34	43.34	42.34	42.85	718600
20110407	42.95	43.14	42.47	42.97	725200
20110406	42.53	42.82	42.27	42.70	991300
20110405	41.49	42.41	41.30	42.36	1275300
20110404	41.80	41.97	41.40	41.71	591700
20110401	41.75	41.99	41.02	41.84	1366100
20110331	41.76	41.99	41.00	41.41	2319800
20110330	42.33	42.60	41.70	41.87	1239200
20110329	41.95	42.53	41.68	42.19	699200
20110328	42.21	42.27	41.76	42.10	996400
20110325	41.70	42.40	41.70	42.22	1247100
20110324	41.05	41.90	40.85	41.64	2947000
20110323	41.63	41.63	40.50	40.94	759000
20110322	40.94	41.59	40.63	41.10	1627400
20110321	41.27	41.27	40.90	40.99	1852800
20110318	41.22	41.35	40.79	40.86	2145500
20110317	41.24	41.57	40.64	40.75	1989800
20110316	41.83	41.98	40.23	40.62	1422500
20110315	40.66	41.38	40.09	40.99	1409600
20110314	42.31	42.70	41.55	41.82	777800
20110311	42.29	42.83	42.21	42.69	652800
20110310	42.66	42.79	42.16	42.53	1715500
20110309	42.96	43.25	42.72	42.97	1081500
20110308	43.28	43.59	42.79	43.20	1240600
20110307	43.73	43.73	42.67	43.13	1138100
20110304	43.70	44.32	43.17	43.66	2141600
20110303	42.43	44.22	42.42	43.74	2701100
20110302	41.31	42.79	41.31	42.09	1548800
20110301	42.12	42.25	40.95	41.28	1351000
20110228	42.86	42.99	41.69	42.10	1153100
20110225	42.31	43.08	41.36	42.75	1897900
20110224	40.91	42.00	40.91	41.73	1020100
20110223	41.14	41.26	39.93	40.94	1599800
20110222	41.82	42.10	40.86	41.11	654900
20110218	42.26	42.26	41.93	42.19	756400
20110217	42.44	43.06	42.24	42.34	936200
20110216	42.91	43.23	42.57	42.60	818700
20110215	41.85	42.97	41.83	42.88	1130800
20110214	42.22	42.39	41.91	42.07	492000
20110211	41.91	42.52	41.83	42.33	413400
20110210	41.37	42.19	41.37	42.11	1109700
20110209	41.01	42.40	40.75	41.88	1311000
20110208	41.28	41.55	40.88	41.07	644600
20110207	41.27	41.85	41.05	41.24	480600
20110204	41.12	41.28	40.87	41.28	461200
20110203	40.53	41.18	40.37	41.04	748400
20110202	41.11	41.38	40.61	40.85	1220000
20110201	40.71	41.37	40.71	41.34	1561600
20110131	40.61	40.93	40.16	40.56	1601800
20110128	41.28	41.57	40.39	40.58	843400
20110127	41.48	42.00	41.19	41.42	848000
20110126	40.77	41.99	40.58	41.39	2280200
20110125	40.59	40.85	40.29	40.85	1605400
20110124	39.14	40.71	38.99	40.69	3679800
20110121	38.14	39.59	38.14	39.15	2415700
20110120	36.68	38.12	36.63	37.96	1971600
20110119	37.24	37.57	36.69	37.02	837400
20110118	37.34	37.55	37.21	37.35	716000
20110114	37.22	37.63	37.21	37.53	464800
20110113	37.38	37.58	37.17	37.32	615900
20110112	37.57	37.75	37.40	37.52	595300
20110111	37.42	37.66	37.06	37.48	977300
20110110	36.93	37.43	36.81	37.41	710400
20110107	37.46	37.51	36.90	37.21	1373200
20110106	37.50	37.82	37.14	37.47	1317900
20110105	36.48	37.81	36.46	37.55	2876000
20110104	36.61	37.00	36.19	36.48	888200
20110103	35.63	36.64	35.41	36.45	1502000
20101231	35.20	35.47	34.93	35.38	551000
20101230	35.21	35.55	35.00	35.27	1278800
20101229	35.28	35.48	35.09	35.29	577300
20101228	34.95	35.33	34.95	35.27	833300
20101227	34.97	35.16	34.86	34.99	374300
20101223	35.16	35.16	34.84	34.98	800700
20101222	34.43	35.33	34.40	35.06	924700
20101221	35.00	35.00	33.67	34.54	3106700
20101220	35.52	35.61	35.31	35.46	904400
20101217	35.74	35.80	35.40	35.48	693000
20101216	35.69	35.93	35.30	35.78	995900
20101215	36.29	36.34	35.51	35.58	1221800
20101214	36.45	36.91	36.27	36.34	1651200
20101213	37.01	37.18	36.33	36.45	1162600
20101210	36.73	37.05	36.64	36.79	1037000
20101209	36.60	37.00	36.28	36.58	1316400
20101208	36.40	36.65	36.18	36.28	3121100
20101207	37.48	37.48	36.13	36.30	3271500
20101206	35.37	37.00	35.31	36.98	3870600
20101203	36.02	36.02	35.21	35.46	1272900
20101202	35.85	35.89	35.50	35.79	1884300
20101201	35.86	36.25	35.52	35.75	2426300
20101130	35.90	36.20	35.24	35.26	3816700
20101129	36.53	36.73	36.06	36.32	1175200
20101126	36.80	37.16	36.64	36.66	335400
20101124	37.09	37.33	36.87	37.13	1086300
20101123	37.56	37.56	34.77	36.83	1426900
20101122	37.77	38.01	37.22	37.65	1203500
20101119	38.03	38.18	37.79	37.97	712600
20101118	38.03	38.38	37.90	38.19	1135000
20101117	37.50	37.85	37.29	37.81	1493300
20101116	37.15	37.55	37.00	37.38	2067800
20101115	36.97	37.91	36.94	37.34	2412200
20101112	38.04	38.37	37.34	37.49	1411500
20101111	38.32	38.50	37.80	38.34	2003800
20101110	38.27	38.68	38.02	38.60	2842700
20101109	38.91	39.00	38.14	38.33	2486000
20101108	39.01	39.29	38.49	38.91	2259400
20101105	40.00	40.14	38.69	39.43	4131800
20101104	38.50	40.86	38.27	40.15	7206500
20101103	38.32	38.42	37.75	38.26	2686800
20101102	37.64	38.54	37.49	38.16	3972500
20101101	37.94	37.99	37.26	37.65	4620700
20101029	36.12	37.97	36.12	37.77	7745600
20101028	36.30	36.50	36.12	36.30	2933700
20101027	35.46	36.31	35.42	36.11	3828300
20101026	35.29	36.04	35.00	35.60	4229900
20101025	34.95	35.79	34.87	35.37	4948000
20101022	34.71	34.91	34.36	34.80	2438700
20101021	34.18	34.77	34.12	34.57	4300100
20101020	33.65	34.43	33.54	34.13	3139700
20101019	32.96	33.55	32.88	33.55	3185000
20101018	33.42	33.72	33.13	33.33	2249200
20101015	32.80	33.67	32.61	33.48	4179500
20101014	32.33	32.91	32.28	32.50	1990500
20101013	32.11	32.45	32.02	32.32	1924600
20101012	31.85	32.20	31.69	32.04	1426200
20101011	31.18	32.01	31.15	31.91	1516200
20101008	31.38	31.50	31.04	31.28	2534500
20101007	31.48	31.71	31.11	31.39	2210400
20101006	31.31	31.50	31.27	31.43	1803500
20101005	30.90	31.65	30.88	31.31	2154100
20101004	30.52	30.90	30.42	30.71	1042600
20101001	30.93	31.01	30.50	30.62	2191000
20100930	31.00	31.03	30.65	30.81	1207300
20100929	31.01	31.11	30.75	30.84	1536400
20100928	30.96	31.20	30.55	31.05	2219700
20100927	30.81	31.11	30.56	30.92	1648500
20100924	30.15	30.85	30.06	30.74	1592500
20100923	29.87	30.24	29.72	29.93	1475600
20100922	30.19	30.38	29.96	30.07	3196200
20100921	30.09	30.48	29.97	30.31	2562700
20100920	29.67	30.05	29.54	30.04	1959200
20100917	29.36	29.65	29.29	29.60	1777200
20100916	29.49	29.52	29.07	29.13	841200
20100915	29.41	29.72	29.33	29.63	1145700
20100914	29.56	29.72	29.11	29.62	1145700
20100913	29.61	29.70	29.24	29.43	1091900
20100910	29.26	29.55	29.16	29.32	1316600
20100909	29.08	29.28	28.85	29.17	2075100
20100908	28.84	29.16	28.76	28.82	2065700
20100907	28.93	28.95	28.66	28.83	1511900
20100903	28.79	29.06	28.57	29.00	1695800
20100902	28.30	28.67	28.14	28.57	1487800
20100901	27.78	28.37	27.71	28.22	2035000
20100831	27.31	27.80	27.08	27.57	3379800
20100830	27.60	27.67	27.26	27.26	1313500
20100827	27.73	27.97	27.16	27.64	1423600
20100826	27.78	28.01	27.36	27.44	1491900
20100825	27.49	27.87	27.19	27.75	1583500
20100824	27.43	27.79	27.18	27.64	1458900
20100823	28.48	28.70	27.73	27.84	1410200
20100820	28.24	28.47	27.85	28.39	1263200
20100819	28.38	28.50	28.05	28.30	1655000
20100818	28.17	29.07	27.98	28.55	2464200
20100817	28.54	28.54	28.05	28.06	1852200
20100816	27.88	28.26	27.77	28.15	1434000
20100813	28.16	28.27	27.80	27.93	1737100
20100812	28.09	28.49	28.02	28.26	1866800
20100811	28.78	28.78	28.20	28.52	2449600
20100810	29.16	29.53	28.67	29.13	1959500
20100809	29.54	29.72	29.45	29.54	1877000
20100806	29.15	29.59	29.01	29.49	2443600
20100805	29.44	30.00	29.27	29.53	2430000
20100804	29.05	29.96	29.05	29.71	2040900
20100803	29.74	29.95	29.47	29.78	2309200
20100802	29.72	30.00	29.43	29.80	1728800
20100730	28.59	29.49	28.41	29.25	1550000
20100729	29.10	29.49	28.52	28.84	1309000
20100728	28.66	29.24	27.82	29.03	1871200
20100727	29.04	29.07	28.40	28.58	2437300
20100726	28.73	29.10	28.60	28.84	2714800
20100723	28.00	28.81	27.93	28.64	2012100
20100722	27.83	28.23	27.79	28.09	1294700
20100721	28.00	28.06	27.22	27.33	1337400
20100720	27.47	27.94	27.18	27.84	1526000
20100719	27.45	27.88	27.25	27.69	1832400
20100716	27.65	27.76	27.20	27.34	1536200
20100715	28.01	28.20	27.70	27.90	1460800
20100714	28.20	28.40	27.76	27.96	1583600
20100713	28.10	28.52	28.06	28.43	1764400
20100712	27.57	28.00	27.50	27.79	1859100
20100709	27.21	27.80	27.21	27.74	1475900
20100708	27.54	27.85	26.97	27.34	2372700
20100707	26.41	27.43	26.28	27.30	3015100
20100706	26.38	27.12	26.16	26.44	1959300
20100702	26.37	26.40	25.55	26.04	1552100
20100701	26.10	26.27	25.18	26.12	3097800
20100630	26.04	26.51	25.90	25.99	2377000
20100629	26.48	26.61	25.79	25.99	2836200
20100628	26.76	27.21	26.65	26.94	2182300
20100625	26.30	26.88	26.25	26.69	4291500
20100624	25.95	26.70	25.89	26.29	2268800
20100623	26.31	26.48	25.83	26.17	1715400
20100622	26.50	26.99	26.11	26.21	1872200
20100621	27.04	27.08	26.27	26.43	2223300
20100618	26.88	27.03	26.59	26.69	1301800
20100617	26.48	26.79	26.20	26.76	2238900
20100616	26.26	26.35	25.98	26.12	1741800
20100615	25.43	26.40	25.43	26.34	2248200
20100614	25.66	26.00	25.33	25.34	2235800
20100611	25.04	25.48	24.88	25.41	1783100
20100610	24.58	25.17	24.58	25.17	1721000
20100609	24.68	25.04	24.08	24.21	2353500
20100608	24.34	24.89	23.97	24.38	3852700
20100607	24.94	25.31	24.33	24.37	3357800
20100604	25.77	26.10	24.91	25.03	3439200
20100603	26.36	27.17	26.19	26.64	3424600
20100602	25.47	26.22	25.31	26.20	2300600
20100601	25.37	26.21	25.34	25.34	2111400
20100528	25.79	26.07	25.34	25.80	2893000
20100527	24.92	25.79	24.76	25.79	2113800
20100526	24.46	24.88	24.09	24.37	4954300
20100525	22.89	24.19	22.78	24.19	3756200
20100524	23.77	24.20	23.55	23.63	1875000
20100521	23.07	23.94	22.93	23.70	3279100
20100520	24.02	24.21	23.20	23.34	4952700
20100519	24.76	25.00	24.27	24.82	3382900
20100518	25.69	25.80	24.77	24.90	2538200
20100517	25.73	26.00	24.90	25.60	2482000
20100514	25.81	25.97	25.00	25.50	1716100
20100513	25.91	26.36	25.84	25.94	2266200
20100512	25.08	26.08	25.08	25.89	3662000
20100511	24.67	25.71	24.67	25.09	3104900
20100510	25.57	25.57	24.56	24.99	4553600
20100507	25.39	25.67	23.50	24.06	6340600
20100506	26.22	26.50	24.07	25.30	4178400
20100505	27.26	27.35	26.27	26.47	4804000
20100504	27.58	27.70	27.11	27.41	3144900
20100503	27.52	28.08	27.52	27.98	2118400
20100430	27.60	27.85	27.24	27.48	2150700
20100429	27.23	27.81	27.23	27.64	1876200
20100428	27.49	27.74	26.87	27.10	2922200
20100427	28.47	28.52	26.92	27.41	4801500
20100426	29.26	29.56	28.41	28.53	3176800
20100423	29.40	29.42	29.04	29.34	1482000
20100422	29.22	29.44	28.83	29.39	1369100
20100421	29.39	29.62	29.05	29.31	3165100
20100420	28.62	29.22	28.54	28.97	1827500
20100419	28.74	29.11	28.33	28.55	1979100
20100416	29.35	29.36	28.65	28.95	1484300
20100415	29.37	29.66	29.22	29.36	1418900
20100414	29.18	29.85	29.05	29.60	1560400
20100413	29.43	29.68	29.13	29.20	1019000
20100412	29.25	29.72	29.14	29.64	1299700
20100409	28.91	29.40	28.69	29.26	1166600
20100408	29.09	29.19	28.55	28.79	2460200
20100407	29.30	29.50	28.89	29.07	1186800
20100406	29.30	29.51	29.27	29.36	1395400
20100405	29.32	29.60	29.21	29.53	2194700
20100401	29.38	29.65	29.03	29.30	1360700
20100331	29.16	29.44	28.86	29.16	1361900
20100330	28.73	29.47	28.67	29.17	2331900
20100329	28.70	28.89	28.60	28.78	1290400
20100326	28.35	28.70	27.95	28.63	1671600
20100325	28.92	29.03	28.40	28.40	1571400
20100324	28.80	29.03	28.65	28.81	1744500
20100323	28.46	28.98	28.37	28.95	1384600
20100322	27.75	28.76	27.26	28.49	1826100
20100319	28.40	28.53	27.77	27.79	1358400
20100318	28.83	29.13	28.35	28.44	1024300
20100317	28.23	29.14	28.13	28.93	1797100
20100316	28.22	28.45	28.01	28.21	1153600
20100315	28.30	28.46	27.80	28.09	1137500
20100312	28.50	28.57	28.22	28.33	954100
20100311	28.15	28.60	28.15	28.50	903600
20100310	28.22	28.53	28.15	28.44	1077400
20100309	28.27	28.48	28.06	28.29	1014200
20100308	28.36	28.45	28.20	28.29	1328100
20100305	28.05	28.30	27.85	28.27	1674100
20100304	27.68	27.78	27.45	27.75	1809000
20100303	27.83	27.85	27.58	27.68	1976400
20100302	27.48	28.02	27.37	27.68	3393900
20100301	26.81	27.49	26.73	27.45	2700900
20100226	25.97	27.26	25.93	26.88	3959100
20100225	25.99	26.22	25.00	26.07	3636800
20100224	26.10	26.56	25.85	26.49	3557600
20100223	26.42	26.52	25.93	26.10	3408600
20100222	25.70	26.76	25.49	26.55	3228400
20100219	25.00	25.87	24.99	25.46	2379300
20100218	24.92	25.33	24.88	25.09	1251600
20100217	24.82	25.12	24.82	25.05	1452700
20100216	24.43	24.80	24.35	24.73	1185500
20100212	24.10	24.32	23.81	24.31	1432800
20100211	24.18	24.45	23.95	24.23	1863400
20100210	24.61	24.87	24.00	24.31	1766000
20100209	24.55	24.90	24.24	24.68	1874800
20100208	24.39	24.45	24.12	24.15	1550900
20100205	24.83	25.16	23.73	24.30	4415600
20100204	25.72	25.80	24.84	24.92	2980000
20100203	26.05	26.33	25.82	25.99	2795800
20100202	26.05	26.28	25.86	26.11	2632900
20100201	25.75	26.03	25.49	26.01	2092800
20100129	26.17	26.17	25.34	25.38	2632100
20100128	25.58	25.75	24.97	25.25	1621700
20100127	25.55	25.69	25.05	25.43	2399700
20100126	25.09	25.89	24.89	25.41	3605300
20100125	24.35	25.84	24.30	25.45	9752300
20100122	24.00	24.04	23.42	23.54	1935900
20100121	24.46	24.53	23.88	24.00	3085200
20100120	23.57	24.54	23.50	24.36	3025200
20100119	22.70	23.67	22.70	23.66	2428200
20100115	23.05	23.14	22.62	22.75	1180000
20100114	23.05	23.30	22.82	23.04	2033800
20100113	23.16	23.50	22.93	23.21	1962400
20100112	23.46	23.52	23.03	23.16	1333300
20100111	23.85	24.13	23.56	23.69	2478200
20100108	23.22	24.07	22.89	23.94	1892800
20100107	23.28	23.59	23.13	23.26	3905200
20100106	21.99	23.53	21.83	23.26	5582800
20100105	22.00	22.02	21.82	21.98	2246400
20100104	22.13	22.38	21.92	22.00	2229800
20091231	22.10	22.36	21.86	21.89	1324900
20091230	21.81	22.01	21.50	21.97	704900
20091229	21.88	22.09	21.73	21.99	836900
20091228	22.00	22.00	21.68	21.78	884400
20091224	21.81	21.99	21.52	21.93	481900
20091223	21.50	21.70	21.14	21.57	867000
20091222	21.19	21.60	21.05	21.56	1688300
20091221	20.75	21.17	20.75	21.09	1816500
20091218	20.30	20.74	20.14	20.66	7886900
20091217	20.61	20.63	20.11	20.48	2127500
20091216	20.72	21.19	20.72	20.93	1612400
20091215	21.15	21.18	20.61	20.66	1661500
20091214	21.36	21.44	20.88	21.08	1626400
20091211	21.24	21.62	21.10	21.11	1922300
20091210	21.17	21.50	20.98	21.39	2426300
20091209	20.80	21.07	20.50	20.91	1807400
20091208	20.74	21.09	20.50	20.86	1653200
20091207	20.63	21.15	20.57	20.96	2976800
20091204	19.91	20.60	19.91	20.53	3194900
20091203	19.93	20.45	19.86	19.87	1917900
20091202	19.48	19.80	19.38	19.77	2916100
20091201	19.35	19.77	19.06	19.31	3255400
20091130	19.40	19.70	18.75	19.29	4082700
20091127	19.67	20.14	19.52	19.78	912200
20091125	20.13	20.44	19.87	20.17	2152300
20091124	20.60	20.68	19.79	20.13	3346200
20091123	21.00	21.24	20.57	20.63	1511600
20091120	20.67	20.92	20.34	20.39	1985200
20091119	21.30	21.37	20.74	20.95	1947800
20091118	21.43	21.48	21.20	21.46	2895000
20091117	21.79	21.87	21.35	21.53	2788200
20091116	21.42	22.00	21.34	21.80	4078600
20091113	20.75	21.54	20.31	21.26	15413300
20091112	23.48	23.72	22.89	23.10	1501400
20091111	23.15	23.84	23.11	23.54	1329200
20091110	22.59	23.12	22.55	23.03	1417900
20091109	21.79	22.55	21.79	22.55	1555200
20091106	21.63	22.01	21.40	21.77	1108100
20091105	21.36	22.13	21.22	21.82	1709300
20091104	20.82	21.64	20.80	21.01	1631200
20091103	20.43	20.85	20.03	20.81	1832200
20091102	20.48	20.99	20.19	20.61	2206700
20091030	21.28	21.34	20.28	20.53	2101900
20091029	20.90	21.66	20.78	21.34	1162400
20091028	21.43	21.59	20.66	20.74	1602000
20091027	21.41	22.05	21.39	21.55	1635100
20091026	21.77	22.35	21.30	21.35	1224600
20091023	22.70	22.76	21.76	21.80	1713400
20091022	22.38	22.84	22.01	22.76	1322500
20091021	22.72	23.11	22.27	22.33	1328800
20091020	22.85	22.94	22.44	22.76	1120400
20091019	22.83	23.04	22.45	22.94	1781900
20091016	23.00	23.00	22.36	22.69	1675600
20091015	22.61	23.19	22.41	23.17	2053600
20091014	22.91	22.91	22.51	22.73	1872500
20091013	22.13	22.61	21.91	22.44	1018100
20091012	22.53	22.79	21.97	22.21	1356400
20091009	21.94	22.64	21.74	22.64	1620900
20091008	21.87	22.56	21.86	21.95	2199500
20091007	21.49	21.65	21.12	21.56	1045400
20091006	21.59	22.06	21.35	21.52	1436200
20091005	20.83	21.58	20.83	21.54	1678800
20091002	20.70	21.15	20.41	20.84	2023800
20091001	22.22	22.23	20.80	20.89	4782800
20090930	23.17	23.28	22.42	22.57	2491000
20090929	24.06	24.24	22.88	23.14	1729200
20090928	23.48	24.01	23.45	24.00	1157400
20090925	23.20	23.55	22.98	23.39	1406100
20090924	24.01	24.13	23.04	23.25	2097400
20090923	24.60	24.88	23.81	23.83	3126800
20090922	24.76	25.01	24.40	24.46	935300
20090921	24.39	24.72	24.24	24.58	837900
20090918	24.65	24.93	24.35	24.49	1478600
20090917	25.17	25.25	24.19	24.51	2043200
20090916	25.00	25.27	24.70	25.11	1824200
20090915	24.79	25.25	24.63	24.79	2147500
20090914	24.07	24.98	23.82	24.84	1212300
20090911	24.58	24.75	23.89	24.23	1760000
20090910	23.89	24.64	23.80	24.53	1655100
20090909	23.14	24.42	23.04	23.89	2215000
20090908	23.07	23.42	22.87	23.21	1496900
20090904	21.96	23.13	21.85	23.06	1411200
20090903	22.10	22.33	21.71	21.92	1546000
20090902	21.11	22.11	20.97	21.93	1955700
20090901	21.84	22.73	21.21	21.24	1657700
20090831	22.18	22.71	21.78	21.89	1370600
20090828	22.45	22.79	22.18	22.50	958400
20090827	21.95	22.32	21.43	22.24	1101700
20090826	22.18	22.30	21.80	22.08	1069600
20090825	21.92	22.65	21.92	22.14	1085000
20090824	22.20	22.60	21.86	21.91	1095600
20090821	21.43	22.34	21.43	22.09	980800
20090820	20.96	21.57	20.79	21.39	1228100
20090819	20.52	21.15	20.35	21.01	1257600
20090818	20.70	20.82	20.47	20.73	1282100
20090817	21.17	21.35	20.50	20.55	1579000
20090814	21.74	21.98	21.13	21.47	1491800
20090813	21.90	22.14	21.26	22.07	1571900
20090812	21.52	22.22	21.50	21.80	1337100
20090811	21.68	21.80	21.23	21.50	2477200
20090810	21.56	21.97	21.44	21.87	2809800
20090807	21.48	21.91	20.84	21.84	1973800
20090806	21.52	22.12	20.70	20.83	2168500
20090805	21.16	22.19	20.64	21.60	3492300
20090804	20.80	21.95	20.75	21.38	3788200
20090803	21.00	21.20	20.79	21.00	3733000
20090731	20.79	21.17	20.70	20.95	2170100
20090730	20.46	21.09	20.43	20.88	2590200
20090729	20.61	20.97	19.87	20.16	2781500
20090728	21.00	21.07	20.47	20.82	2595700
20090727	20.56	21.20	20.33	21.14	3418600
20090724	19.95	20.31	19.81	20.27	2926900
20090723	19.40	20.44	19.15	20.20	4500400
20090722	18.44	19.47	18.09	19.33	4653900
20090721	18.52	18.72	18.16	18.51	2823200
20090720	17.94	18.57	17.86	18.51	3051700
20090717	17.83	18.00	17.61	17.89	2345000
20090716	16.68	17.82	16.62	17.73	3661400
20090715	15.86	16.77	15.65	16.74	3405500
20090714	15.27	15.81	15.15	15.72	1889300
20090713	15.30	15.37	14.74	15.35	1450900
20090710	15.24	15.62	14.90	15.25	1863400
20090709	14.59	15.53	14.59	15.34	2331700
20090708	14.96	15.16	14.46	14.64	3248000
20090707	15.28	15.44	14.87	14.90	1727600
20090706	15.38	15.76	15.02	15.28	1661400
20090702	15.82	15.88	15.30	15.40	1605900
20090701	16.02	16.07	15.80	15.99	2189300
20090630	15.87	15.96	15.52	15.89	1923600
20090629	15.78	16.12	15.65	15.86	1776400
20090626	15.57	15.86	15.36	15.72	4629100
20090625	15.19	15.77	15.14	15.72	1666400
20090624	14.98	15.56	14.77	15.31	2280700
20090623	14.80	15.25	14.75	14.96	2222200
20090622	14.88	14.95	14.42	14.77	2354200
20090619	15.15	15.53	14.93	15.06	1924700
20090618	14.94	15.10	14.50	15.07	2033500
20090617	14.84	15.09	14.36	14.91	3028000
20090616	14.84	15.12	14.52	14.73	2180500
20090615	15.24	15.24	14.49	14.81	2646200
20090612	14.75	15.15	14.33	15.13	2419000
20090611	14.21	15.13	14.21	14.79	3178300
20090610	14.44	14.44	13.94	14.35	2488300
20090609	13.69	14.26	12.94	14.16	4961600
20090608	13.58	13.74	13.16	13.54	2471900
20090605	14.11	14.11	13.51	13.56	2650700
20090604	13.60	13.95	13.54	13.88	2000900
20090603	14.20	14.30	13.42	13.68	3542000
20090602	14.26	14.51	13.91	14.30	2336200
20090601	13.83	14.41	13.71	14.35	3215500
20090529	13.85	14.05	13.45	13.82	2549000
20090528	14.31	14.53	13.70	14.06	3383400
20090527	14.58	14.74	14.04	14.20	2532600
20090526	14.21	14.80	14.07	14.70	2787900
20090522	14.73	15.15	14.36	14.58	1707600
20090521	15.34	15.45	14.54	14.74	2519200
20090520	15.49	16.01	15.39	15.46	2532900
20090519	15.52	15.77	15.31	15.68	2203200
20090518	14.60	15.73	14.54	15.72	1902900
20090515	14.63	15.04	14.33	14.46	1885800
20090514	14.94	15.07	14.43	14.63	2925600
20090513	15.68	15.91	14.77	14.82	2926200
20090512	16.53	16.88	15.58	15.87	2486600
20090511	16.96	17.45	16.55	16.83	1743700
20090508	16.59	17.43	16.52	17.33	2597200
20090507	16.90	17.55	16.26	16.39	3168500
20090506	18.15	18.49	16.27	16.98	4812700
20090505	18.05	18.31	17.58	18.30	3743200
20090504	16.89	18.08	16.55	18.03	3299500
20090501	16.43	16.95	16.16	16.70	1766500
20090430	16.46	17.13	16.35	16.49	2289900
20090429	15.82	16.63	15.82	16.21	2371100
20090428	15.95	16.03	15.61	15.65	2215400
20090427	15.89	16.49	15.60	15.97	3406400
20090424	16.35	16.39	15.72	16.10	4252000
20090423	16.64	16.75	16.07	16.28	3363600
20090422	16.98	17.42	16.67	16.75	3562700
20090421	16.56	17.51	16.56	17.22	2443900
20090420	17.54	17.75	16.59	16.71	2878600
20090417	18.21	18.28	17.28	18.01	3764800
20090416	17.06	18.66	17.00	18.38	5552500
20090415	16.65	16.99	16.46	16.90	1405900
20090414	17.02	17.24	16.63	16.74	1866400
20090413	16.98	17.21	16.47	17.11	1759000
20090409	16.96	17.61	16.74	17.28	3270100
20090408	16.72	16.72	16.05	16.51	2311000
20090407	16.70	16.70	15.96	16.00	2956300
20090406	16.61	17.15	16.55	17.03	2952300
20090403	15.88	17.07	15.36	16.90	4375400
20090402	15.24	16.00	15.11	15.82	5748400
20090401	14.33	15.23	14.25	15.03	2906900
20090331	14.60	14.87	14.33	14.56	2734300
20090330	14.91	14.91	14.09	14.29	3762600
20090327	15.10	15.75	14.88	15.26	2749500
20090326	14.51	15.41	14.51	15.38	4209400
20090325	14.48	15.11	14.13	14.69	4420900
20090324	14.12	14.89	13.88	14.47	3333100
20090323	13.34	14.13	13.21	14.05	4351500
20090320	13.07	13.23	12.54	12.86	3065700
20090319	12.74	13.11	12.63	12.93	3691000
20090318	12.34	12.96	11.94	12.79	4145700
20090317	11.45	12.66	11.30	12.34	5518900
20090316	11.37	11.72	10.89	10.91	2307700
20090313	11.11	11.60	10.88	11.29	2866700
20090312	10.58	11.21	10.31	11.18	2594700
20090311	10.33	10.82	10.23	10.64	3812500
20090310	9.86	10.38	9.24	10.28	5554300
20090309	10.21	10.75	9.11	9.37	6661200
20090306	11.25	11.51	10.04	10.39	6296700
20090305	11.87	12.06	11.09	11.19	3643700
20090304	12.17	12.44	11.67	12.12	3151900
20090303	12.16	12.45	11.50	11.63	4037100
20090302	12.00	12.29	11.76	11.92	4192500
20090227	12.23	12.76	12.04	12.27	4392300
20090226	12.67	13.04	12.28	12.42	3998600
20090225	12.34	12.95	12.11	12.57	5321800
20090224	10.82	13.07	10.76	12.80	8469300
20090223	11.10	11.42	10.75	10.85	3901200
20090220	11.28	11.55	9.67	11.24	5029100
20090219	12.00	13.03	11.40	11.44	4799800
20090218	12.77	12.77	11.66	11.89	4232600
20090217	13.57	14.28	12.32	12.60	3678000
20090213	13.94	14.37	13.76	14.18	2593900
20090212	13.48	14.04	13.14	14.03	2508300
20090211	13.96	14.13	13.33	13.77	2235800
20090210	14.73	15.08	13.72	13.84	3312400
20090209	14.92	15.13	14.59	14.89	1553800
20090206	14.08	15.15	14.08	14.95	2612500
20090205	14.28	14.36	13.76	14.08	2981200
20090204	14.61	15.31	14.08	14.38	2649600
20090203	14.66	14.78	14.42	14.71	3593600
20090202	14.55	15.06	14.16	14.66	2826000
20090130	15.48	15.66	14.44	14.57	2242900
20090129	15.84	16.07	15.26	15.33	1873400
20090128	15.29	16.09	14.92	16.09	3350000
20090127	15.39	15.89	14.97	15.09	3425400
20090126	15.11	15.91	15.11	15.43	2303100
20090123	15.71	15.74	14.88	15.06	4711500
20090122	16.27	16.27	15.49	15.72	3149000
20090121	15.86	16.36	15.75	16.31	4710200
20090120	17.85	18.10	15.56	15.60	3941800
20090116	17.88	18.28	17.07	17.95	2019400
20090115	17.23	18.01	16.42	17.68	2958100
20090114	17.50	17.83	16.87	17.26	1608900
20090113	17.86	18.05	17.29	17.68	2066000
20090112	18.99	19.00	17.56	17.79	1601700
20090109	19.62	19.79	18.45	19.00	2554200
20090108	17.49	19.78	17.34	19.61	4360000
20090107	17.68	17.87	17.17	17.53	1977600
20090106	16.84	18.21	16.71	18.04	3290900
20090105	17.14	17.14	16.33	16.66	3253200
20090102	15.92	17.54	15.85	17.28	3793700
20081231	15.24	16.11	15.22	15.92	2814300
20081230	14.80	15.47	14.48	15.41	1910500
20081229	14.99	15.19	14.20	14.69	2521600
20081226	14.58	15.32	14.47	15.27	1971800
20081224	14.25	14.60	14.09	14.54	1005700
20081223	13.34	14.24	13.01	14.21	2663900
20081222	14.11	14.20	12.97	13.27	2500100
20081219	13.60	14.37	13.01	13.99	6735000
20081218	13.05	13.75	12.49	13.51	4290100
20081217	12.59	13.00	12.23	13.00	4110800
20081216	12.21	12.82	12.10	12.78	3561100
20081215	13.06	13.52	12.05	12.23	1601300
20081212	12.90	13.38	12.64	13.00	3425000
20081211	13.55	13.72	12.94	13.06	3163600
20081210	14.00	14.14	13.45	13.61	3160300
20081209	13.42	14.34	13.32	13.86	3421900
20081208	12.83	13.90	12.82	13.63	2333600
20081205	12.05	12.85	11.59	12.74	3715800
20081204	12.52	12.76	11.98	12.19	2994100
20081203	12.21	12.91	11.82	12.79	3358900
20081202	11.86	13.44	11.80	12.56	3765400
20081201	14.13	14.13	11.71	11.71	3266800
20081128	13.21	14.56	13.21	14.49	1588000
20081126	12.80	13.49	12.49	13.36	2924200
20081125	12.68	13.40	12.10	12.99	3817500
20081124	10.65	12.76	10.65	12.63	2930100
20081121	10.66	11.13	9.89	10.94	5367700
20081120	11.82	11.96	10.44	10.47	4884300
20081119	12.93	13.51	11.96	12.01	2341700
20081118	13.32	13.83	12.68	13.11	4797900
20081117	13.99	14.20	13.33	13.34	2706900
20081114	15.06	15.67	14.02	14.13	6407500
20081113	13.87	15.29	13.27	15.18	4104100
20081112	14.30	14.57	13.75	13.88	3721200
20081111	15.43	15.44	14.40	14.61	2594800
20081110	16.45	16.45	15.26	15.50	1586000
20081107	15.33	16.33	14.74	16.12	1611400
20081106	15.71	16.16	14.87	15.19	2353900
20081105	17.57	17.65	16.09	16.11	2141400
20081104	17.66	17.88	16.99	17.60	3063700
20081103	16.49	17.30	16.49	17.17	2128100
20081031	15.68	17.08	15.31	16.49	2355200
20081030	14.53	16.02	14.51	15.99	3264800
20081029	13.49	14.98	13.12	14.39	3647200
20081028	12.12	13.59	12.07	13.51	4622300
20081027	13.20	14.00	12.06	12.08	3226100
20081024	14.48	15.59	13.45	13.46	3831300
20081023	17.06	17.06	14.56	15.37	4396900
20081022	17.53	17.76	16.79	17.08	2533300
20081021	18.59	18.74	17.75	17.80	1968300
20081020	18.17	18.84	18.02	18.84	1511400
20081017	17.48	18.72	17.22	18.07	2849700
20081016	17.47	18.01	16.54	17.96	3458300
20081015	19.73	19.88	17.45	17.52	2523100
20081014	21.44	21.45	19.67	19.84	2356600
20081013	19.41	21.02	18.31	20.99	1895100
20081010	21.18	21.18	17.88	18.70	4834100
20081009	22.59	23.08	21.06	21.40	2658600
20081008	23.37	23.89	22.13	22.60	3973000
20081007	26.40	26.40	23.39	23.39	3048600
20081006	27.54	27.73	25.14	26.23	2972200
20081003	28.71	29.38	27.80	27.80	1944200
20081002	29.43	29.49	28.40	28.47	2103600
20081001	30.10	30.18	29.23	29.69	1797200
20080930	27.30	30.30	26.76	30.30	3775300
20080929	30.20	30.93	27.32	27.50	3705200
20080926	30.30	30.84	29.98	30.77	1329200
20080925	30.52	31.27	29.92	30.66	1756200
20080924	29.84	30.80	29.25	30.33	1472800
20080923	29.62	30.34	29.18	29.50	1829800
20080922	30.35	30.80	29.29	29.40	1808400
20080919	30.99	31.85	30.36	30.41	3246800
20080918	29.69	30.61	28.26	30.19	3308700
20080917	30.62	31.54	28.77	28.77	3384600
20080916	31.69	31.69	29.94	30.83	2693100
20080915	31.02	32.30	30.94	31.00	1744300
20080912	31.86	32.48	31.41	32.21	2260600
20080911	31.83	32.45	31.49	32.22	2904200
20080910	32.80	33.01	31.98	31.99	2161400
20080909	33.75	34.02	32.36	32.49	2129500
20080908	33.32	34.29	33.31	33.65	1875300
20080905	33.77	34.40	33.42	33.67	1900300
20080904	34.78	35.24	33.82	33.82	2196100
20080903	35.04	35.52	34.66	34.84	1732300
20080902	35.69	36.16	35.00	35.12	1941700
20080829	35.32	35.60	34.85	35.18	1686600
20080828	34.77	35.67	34.50	35.46	2110400
20080827	33.83	35.00	33.52	34.52	1754100
20080826	33.02	33.98	32.89	33.70	1920300
20080825	33.20	33.47	32.76	32.86	1329600
20080822	33.09	33.76	32.78	33.50	1091600
20080821	33.15	33.64	32.74	33.01	1780300
20080820	33.04	33.60	32.79	33.41	1846700
20080819	33.31	33.49	32.62	32.82	1933400
20080818	34.61	34.61	32.87	33.19	2050100
20080815	33.95	34.70	33.48	34.47	3452400
20080814	32.97	33.99	32.97	33.92	1782500
20080813	33.35	33.70	32.84	33.13	1761900
20080812	33.01	33.51	32.63	33.33	2211500
20080811	31.61	33.08	31.54	32.90	2163600
20080808	30.66	31.97	30.66	31.75	1705100
20080807	31.00	31.23	30.56	30.70	2085100
20080806	30.25	31.58	29.52	30.89	2973900
20080805	28.95	30.39	28.93	30.36	2620800
20080804	29.04	29.09	28.44	28.97	1104300
20080801	29.03	29.44	28.37	28.83	1478400
20080731	28.38	29.39	28.07	28.83	1436200
20080730	28.79	29.14	28.22	28.53	1246700
20080729	27.78	28.73	27.73	28.67	1510800
20080728	28.71	28.90	27.51	27.62	1809200
20080725	29.09	29.41	28.56	28.87	1223200
20080724	29.59	29.76	28.79	29.00	1596000
20080723	29.60	30.04	29.18	29.78	1230900
20080722	29.74	29.90	29.16	29.52	1408000
20080721	29.73	30.22	29.55	29.85	1032200
20080718	29.89	30.45	29.66	29.66	1289800
20080717	30.28	30.46	29.70	30.02	1058300
20080716	29.31	30.25	29.06	30.22	1236900
20080715	29.56	29.77	29.12	29.32	1673300
20080714	29.75	29.85	29.08	29.57	1371300
20080711	30.03	30.15	29.16	29.45	1801600
20080710	29.97	30.29	29.74	30.06	1182300
20080709	30.09	30.46	29.72	30.08	1852000
20080708	30.12	30.59	29.66	30.24	2812700
20080707	30.94	31.14	29.94	30.22	1916000
20080703	30.94	31.14	30.42	31.01	1187000
20080702	31.00	31.16	30.35	30.40	2196500
20080701	31.00	31.43	30.62	31.06	2338300
20080630	31.31	31.74	31.14	31.43	1523400
20080627	31.45	32.45	31.25	31.46	2448700
20080626	31.48	31.91	31.31	31.55	1900800
20080625	31.62	32.52	31.22	32.08	1225900
20080624	31.55	31.82	30.84	31.39	2552100
20080623	32.12	32.58	31.55	31.63	1868800
20080620	32.08	32.22	31.72	31.91	2309800
20080619	32.85	33.05	31.94	32.33	1928600
20080618	33.17	33.25	32.73	32.84	1049800
20080617	33.94	34.00	33.22	33.39	1102700
20080616	34.06	34.28	33.65	34.00	1018500
20080613	33.36	34.11	33.05	33.96	1662600
20080612	33.59	33.70	32.93	33.00	1902500
20080611	34.02	34.38	33.29	33.58	2331400
20080610	34.91	35.15	33.95	34.13	2407700
20080609	35.68	35.68	34.67	35.05	1400100
20080606	35.99	36.39	35.36	35.44	1305700
20080605	36.10	36.58	35.54	36.08	1311700
20080604	35.31	36.56	35.31	36.11	1329200
20080603	36.16	36.23	35.11	35.50	1632000
20080602	35.96	36.20	35.62	35.99	1283200
20080530	36.12	36.12	35.59	35.85	1160700
20080529	35.50	36.28	35.45	35.96	1736500
20080528	35.83	35.93	35.34	35.66	1074300
20080527	35.35	36.16	35.34	36.04	1856700
20080523	35.16	35.79	34.94	35.42	1051700
20080522	35.06	35.57	35.01	35.39	1239500
20080521	35.15	35.44	34.87	35.14	1212200
20080520	35.54	35.57	34.74	35.23	1590300
20080519	35.61	35.81	35.14	35.44	1131800
20080516	35.63	35.88	35.11	35.40	7475400
20080515	34.68	35.61	34.43	35.46	1441600
20080514	35.01	35.22	34.68	34.74	1634200
20080513	34.88	35.50	34.55	34.98	2242700
20080512	34.81	35.08	34.34	35.00	2041800
20080509	34.84	35.25	34.68	34.88	2272700
20080508	36.21	36.55	34.27	35.21	4847000
20080507	36.22	37.08	35.92	36.34	1647000
20080506	35.48	36.26	35.28	36.12	1610400
20080505	36.65	36.99	35.61	35.74	1119500
20080502	36.81	36.96	36.26	36.75	890500
20080501	35.23	36.57	35.23	36.56	1202700
20080430	34.88	36.08	34.86	35.39	1502400
20080429	33.83	34.86	33.55	34.69	1596400
20080428	33.41	34.04	33.41	33.74	1643000
20080425	34.18	34.18	33.15	33.45	2200500
20080424	34.90	35.00	34.33	34.62	1501900
20080423	34.90	35.20	34.66	34.96	1070400
20080422	34.54	35.08	34.41	35.01	843900
20080421	34.64	35.07	34.54	34.76	1151900
20080418	35.18	35.19	34.64	34.73	1452400
20080417	34.67	34.68	34.22	34.53	1002900
20080416	33.68	34.85	33.22	34.51	1553000
20080415	33.81	33.81	32.81	33.32	1633300
20080414	34.60	34.65	33.57	33.70	1685300
20080411	34.55	35.03	34.35	34.74	1440200
20080410	35.33	35.33	34.55	34.91	1166100
20080409	35.68	35.93	34.84	35.12	1627500
20080408	35.41	35.83	35.24	35.68	1655500
20080407	35.17	35.77	34.92	35.55	1396700
20080404	35.51	36.04	35.00	35.14	1406200
20080403	35.44	35.82	34.89	35.46	1667700
20080402	34.85	35.50	34.55	35.15	2130100
20080401	34.32	35.07	34.32	34.98	1964200
20080331	33.82	34.55	33.54	34.08	3797500
20080328	35.74	35.92	33.38	33.71	3183500
20080327	35.31	35.97	35.31	35.38	892300
20080326	35.80	36.11	35.05	35.53	962600
20080325	35.66	36.45	35.17	35.92	1266500
20080324	35.06	35.73	34.88	35.50	1317000
20080320	34.92	35.31	34.38	34.87	2777900
20080319	36.35	36.51	34.89	34.92	1885000
20080318	34.83	36.06	34.75	35.97	1724000
20080317	35.12	35.44	34.14	34.80	2257400
20080314	36.36	36.36	34.85	35.48	1374600
20080313	35.89	36.49	35.35	36.10	1152200
20080312	36.43	36.81	35.95	36.26	1306500
20080311	35.15	36.28	35.13	36.28	2429000
20080310	36.80	36.80	35.16	35.31	1975400
20080307	36.29	37.02	36.22	36.70	2539000
20080306	37.01	37.25	36.34	36.35	2037100
20080305	36.45	37.87	36.40	37.01	2728000
20080304	37.35	37.35	36.06	36.40	4285600
20080303	37.49	37.86	36.95	37.27	2709600
20080229	39.33	39.33	37.51	37.60	2182300
20080228	38.84	40.50	38.84	39.77	2384700
20080227	38.31	39.42	37.97	39.27	2898200
20080226	37.59	38.71	37.53	38.33	1704900
20080225	38.11	38.20	37.48	37.69	1429500
20080222	37.75	38.14	37.41	38.14	1141600
20080221	38.98	38.98	37.47	37.57	1176300
20080220	37.86	39.10	37.55	38.83	1786700
20080219	39.17	39.32	37.76	37.89	1587500
20080215	38.05	38.99	37.86	38.96	1333100
20080214	37.95	38.43	37.75	38.29	1571600
20080213	37.63	38.08	37.24	37.92	2352800
20080212	38.11	38.30	37.10	37.24	1833800
20080211	37.43	38.11	37.20	37.92	1047000
20080208	37.19	37.72	36.95	37.41	1644300
20080207	38.20	38.20	36.90	37.44	2042000
20080206	39.58	39.58	37.91	37.96	1571800
20080205	39.94	40.28	39.29	39.31	1980700
20080204	40.98	41.04	40.00	40.27	1512700
20080201	40.78	41.37	40.29	40.96	2555900
20080131	38.91	40.55	38.52	40.41	1837400
20080130	39.50	39.78	38.82	39.03	2161400
20080129	39.00	39.59	38.74	39.50	1774100
20080128	37.08	38.89	36.65	38.79	1858400
20080125	38.54	38.54	37.05	37.14	1579200
20080124	37.03	38.26	36.50	37.90	4263400
20080123	37.18	38.00	35.60	36.97	5269800
20080122	37.77	38.64	37.02	37.56	3494000
20080118	39.87	39.97	38.50	38.78	3467000
20080117	40.93	40.96	39.23	39.69	2425200
20080116	39.24	41.35	39.24	40.88	3542600
20080115	38.40	39.40	38.40	39.13	2602200
20080114	38.21	38.96	38.16	38.78	2490400
20080111	38.00	38.44	37.60	38.21	2440000
20080110	36.52	37.97	36.50	37.82	2447800
20080109	36.35	36.90	35.80	36.90	1783700
20080108	37.47	37.89	36.18	36.20	1684400
20080107	37.37	37.65	37.09	37.38	1245600
20080104	38.66	38.79	37.27	37.37	1864300
20080103	38.94	39.19	38.45	38.73	1922600
20080102	39.29	39.39	38.57	39.02	1785100
20071231	38.99	39.44	38.95	39.19	1218400
20071228	39.53	39.62	39.02	39.06	792300
20071227	39.86	39.86	39.21	39.26	864700
20071226	39.32	40.01	39.32	39.78	1161600
20071224	39.40	39.85	39.35	39.64	699200
20071221	40.18	40.21	39.48	39.59	2251700
20071220	39.54	39.76	39.43	39.71	2193100
20071219	39.86	40.10	39.51	39.66	2091900
20071218	39.83	40.13	39.48	39.84	1244400
20071217	39.61	40.26	39.60	39.90	965000
20071214	39.84	40.23	39.34	39.82	1633100
20071213	40.38	40.60	39.85	40.27	976000
20071212	40.80	40.80	40.00	40.27	2162300
20071211	40.75	41.09	40.12	40.12	1466300
20071210	40.80	41.50	40.71	40.99	1892400
20071207	40.54	41.03	40.47	40.60	1577600
20071206	40.93	41.01	40.37	40.64	3153300
20071205	41.50	41.50	40.16	40.82	3587900
20071204	40.72	41.25	40.32	41.18	1563800
20071203	40.68	41.42	40.43	41.09	1612600
20071130	40.38	41.10	40.09	40.62	2065500
20071129	39.51	40.72	39.30	40.58	1445500
20071128	39.03	39.85	39.03	39.74	1594100
20071127	38.11	38.97	37.49	38.97	1753400
20071126	37.26	38.07	37.02	38.01	1287200
20071123	36.97	37.31	36.60	37.12	420200
20071121	36.28	37.06	36.09	36.52	1412800
20071120	36.89	37.28	36.12	36.33	1682800
20071119	36.24	37.24	36.24	36.76	2076400
20071116	36.72	36.72	35.69	36.47	1648700
20071115	36.07	36.77	36.07	36.54	2025400
20071114	36.04	36.61	36.04	36.27	2698500
20071113	35.04	36.34	34.91	36.34	3055600
20071112	36.29	36.86	34.91	34.91	3367500
20071109	38.73	39.00	35.80	36.47	7660900
20071108	40.20	40.70	38.78	39.49	4743300
20071107	40.73	41.06	40.25	40.41	1296400
20071106	40.92	41.38	40.43	41.17	1935200
20071105	40.50	40.97	39.75	40.83	1318300
20071102	39.65	40.58	39.23	40.55	2168000
20071101	38.99	40.30	38.77	39.75	1564600
20071031	38.62	39.25	38.36	39.25	1885500
20071030	38.33	38.62	38.30	38.51	2523000
20071029	38.92	39.14	38.45	38.62	1343100
20071026	38.63	39.36	38.26	38.66	965600
20071025	39.16	39.63	38.04	38.35	1720500
20071024	39.46	40.36	38.72	39.00	1711900
20071023	40.08	40.08	39.41	39.76	1447200
20071022	40.05	41.11	39.85	40.08	994700
20071019	42.00	42.00	39.72	40.04	1930900
20071018	42.14	42.25	41.62	41.87	1083800
20071017	41.99	42.16	41.45	42.13	1639700
20071016	41.97	42.86	41.82	41.85	1130600
20071015	42.17	42.26	41.70	42.01	729600
20071012	42.10	42.41	41.92	42.41	895600
20071011	42.34	42.69	41.75	41.80	990200
20071010	42.03	42.36	41.99	42.32	1664800
20071009	42.03	42.35	41.90	42.16	1496400
20071008	42.35	42.35	41.98	42.14	635600
20071005	41.90	42.43	41.45	42.32	1467500
20071004	41.63	42.07	41.07	42.00	711700
20071003	41.53	41.69	41.03	41.68	1091900
20071002	41.85	41.85	41.07	41.52	1232200
20071001	41.20	41.84	41.08	41.79	1194000
20070928	42.06	42.17	40.88	41.02	1478100
20070927	42.50	42.50	41.57	41.93	624100
20070926	42.23	42.32	42.02	42.20	674200
20070925	42.37	42.37	41.96	42.18	851600
20070924	42.44	42.91	42.04	42.20	957100
20070921	41.96	42.39	41.96	42.33	1677600
20070920	42.58	42.58	41.99	42.04	725400
20070919	42.96	42.96	41.74	42.53	1571800
20070918	41.17	42.98	40.97	42.81	1293500
20070917	40.98	41.37	40.86	41.14	1138800
20070914	40.61	41.50	40.46	41.16	1661900
20070913	40.84	41.06	40.55	40.73	899400
20070912	40.56	40.74	40.35	40.68	1154500
20070911	41.67	41.67	40.32	40.71	2153700
20070910	41.57	41.72	41.21	41.51	2208800
20070907	41.12	41.58	41.02	41.34	2555400
20070906	41.84	41.94	41.10	41.43	1180800
20070905	41.73	41.94	41.49	41.60	1454600
20070904	41.11	41.81	41.09	41.79	1323900
20070831	40.37	41.15	40.09	40.98	886700
20070830	39.41	40.20	39.20	40.00	1079700
20070829	39.32	39.80	38.93	39.55	1348300
20070828	39.80	40.05	39.14	39.14	1588700
20070827	40.68	40.98	39.87	40.00	2293500
20070824	39.98	40.89	39.80	40.68	2635100
20070823	40.38	40.50	39.60	40.00	2233200
20070822	40.02	40.51	39.78	40.35	2083700
20070821	39.50	39.83	39.00	39.72	2112400
20070820	39.89	39.99	39.51	39.69	980300
20070817	38.97	40.15	38.22	39.96	3208700
20070816	41.40	41.48	38.37	38.97	3850300
20070815	41.69	42.32	41.34	41.48	2905400
20070814	41.90	42.24	41.66	41.87	2010600
20070813	40.81	42.38	40.76	41.95	1569200
20070810	41.51	41.80	40.43	40.62	3426000
20070809	42.76	42.96	41.11	41.30	3602100
20070808	43.80	44.19	42.88	43.03	2690300
20070807	42.76	43.67	42.76	43.49	3003600
20070806	43.25	43.87	42.61	42.83	2951300
20070803	42.00	43.45	42.00	42.95	2184000
20070802	41.94	42.24	41.50	42.11	1810000
20070801	41.66	42.26	41.12	41.83	3715600
20070731	41.74	42.45	41.49	41.93	2222700
20070730	40.89	41.49	40.33	41.41	2427500
20070727	41.20	41.38	40.69	40.87	3398900
20070726	42.29	42.35	39.95	41.16	3277500
20070725	43.10	43.30	42.29	42.66	1479600
20070724	43.74	44.25	42.81	42.99	1747900
20070723	44.13	44.42	43.59	43.80	1568300
20070720	44.89	44.92	43.76	43.91	1615600
20070719	44.96	45.00	44.62	44.75	1242600
20070718	44.67	44.85	44.50	44.78	1559400
20070717	44.11	44.87	44.11	44.65	1239400
20070716	44.33	44.61	44.03	44.09	1300300
20070713	43.65	44.68	43.57	44.50	1504800
20070712	43.35	43.65	43.12	43.65	863400
20070711	42.91	43.52	42.73	43.19	2272900
20070710	42.87	43.42	42.79	42.90	1726000
20070709	42.68	43.11	42.32	42.93	900400
20070706	41.97	42.75	41.69	42.72	1680000
20070705	41.65	42.10	41.32	41.97	2144600
20070703	41.88	41.88	41.39	41.68	474100
20070702	41.31	41.96	41.11	41.74	2189800
20070629	40.80	41.18	40.75	41.04	1616800
20070628	41.20	41.20	40.79	40.89	2112500
20070627	40.32	41.27	40.13	41.11	1909600
20070626	40.07	40.62	40.07	40.37	1733800
20070625	40.15	40.38	39.87	40.15	1398500
20070622	40.86	40.86	40.12	40.16	3479200
20070621	39.36	40.84	39.18	40.55	2831800
20070620	39.79	39.82	39.15	39.23	1085500
20070619	38.99	39.79	38.80	39.71	1576500
20070618	39.10	39.44	38.96	39.28	1171800
20070615	40.16	40.16	38.97	39.26	3073800
20070614	39.50	40.00	39.38	39.89	1705900
20070613	38.16	39.60	38.00	39.49	4216400
20070612	37.57	38.34	37.40	38.12	2671700
20070611	37.18	37.98	37.11	37.73	1236400
20070608	36.80	37.37	36.75	37.13	1492600
20070607	37.63	37.63	37.05	37.23	1675900
20070606	38.61	38.69	37.70	37.71	2809100
20070605	39.26	39.26	38.62	38.69	928200
20070604	38.94	39.44	38.85	39.32	1656800
20070601	38.53	39.12	38.45	38.99	1495100
20070531	38.26	38.70	38.14	38.40	1646100
20070530	37.61	38.28	37.38	38.26	1302200
20070529	37.70	38.11	37.57	37.73	697100
20070525	37.71	38.07	37.65	37.84	671400
20070524	38.02	38.11	37.66	37.76	1562900
20070523	38.00	38.20	37.80	37.89	1632500
20070522	38.22	38.33	37.96	38.00	910300
20070521	37.47	38.48	37.47	38.29	1063700
20070518	37.83	37.91	37.48	37.82	1590900
20070517	37.71	37.90	37.53	37.65	1264300
20070516	37.74	38.17	37.53	37.88	1078500
20070515	37.81	37.98	37.43	37.46	1555500
20070514	37.73	38.14	37.31	37.68	1472000
20070511	36.74	37.73	36.61	37.66	1735300
20070510	36.91	37.45	36.69	37.09	1527100
20070509	37.40	37.51	36.78	36.87	1200200
20070508	37.29	37.66	37.28	37.61	949400
20070507	36.99	37.73	36.99	37.41	1456700
20070504	37.05	37.48	36.60	36.82	1295000
20070503	37.12	37.14	36.87	37.08	863400
20070502	36.37	37.14	36.35	37.05	1372200
20070501	35.92	36.48	35.73	36.45	1320000
20070430	36.05	36.18	35.68	35.89	1138100
20070427	36.45	36.54	35.91	35.93	867700
20070426	36.51	36.69	36.18	36.60	1304100
20070425	35.05	36.82	35.00	36.64	2184200
20070424	35.05	35.19	34.69	35.06	783500
20070423	34.94	35.22	34.88	35.07	718100
20070420	34.75	35.10	34.75	35.00	1446500
20070419	34.70	34.78	34.51	34.78	1108100
20070418	34.76	34.94	34.68	34.79	1177200
20070417	34.97	35.03	34.71	34.79	957700
20070416	35.04	35.06	34.91	35.00	2328900
20070413	34.95	35.08	34.73	35.00	1822300
20070412	34.79	35.01	34.54	35.00	1611200
20070411	34.81	34.98	34.47	34.72	1431000
20070410	34.85	34.99	34.69	34.88	1389400
20070409	34.80	35.00	34.71	34.91	1227500
20070405	34.44	34.90	34.28	34.83	1505000
20070404	34.33	34.41	33.96	34.33	1033600
20070403	33.47	34.34	33.44	34.20	1538900
20070402	32.87	33.40	32.79	33.34	1173100
20070330	32.40	33.06	32.40	32.93	1275700
20070329	32.76	33.00	32.28	32.47	1535800
20070328	32.83	33.10	32.29	32.68	1996600
20070327	32.65	33.23	32.43	32.92	1838400
20070326	32.21	32.64	31.14	32.61	1552500
20070323	32.49	32.50	32.15	32.22	890900
20070322	32.26	32.65	32.23	32.39	2034200
20070321	31.92	32.33	31.71	32.24	2501700
20070320	31.14	32.01	31.01	31.82	2098600
20070319	30.80	31.15	30.75	31.15	1449000
20070316	30.81	31.03	30.65	30.81	1494100
20070315	30.35	30.92	30.20	30.89	1547500
20070314	30.58	30.86	30.00	30.28	2085400
20070313	30.74	30.96	30.49	30.67	1180500
20070312	30.26	30.94	30.26	30.94	875800
20070309	30.83	31.00	30.16	30.40	875900
20070308	30.57	30.85	30.51	30.75	1438700
20070307	29.99	30.47	29.86	30.43	1109200
20070306	29.59	30.25	29.55	30.08	2130700
20070305	30.46	30.52	29.70	29.72	1310700
20070302	29.75	30.56	29.40	30.47	2526000
20070301	28.71	30.09	28.38	29.91	1735100
20070228	28.77	29.11	28.69	28.79	1049400
20070227	29.55	29.60	28.52	28.86	2812400
20070226	29.98	30.09	28.90	29.73	896100
20070223	30.16	30.16	29.63	29.77	762000
20070222	30.19	30.19	29.66	30.06	593500
20070221	29.99	30.20	29.80	30.10	717400
20070220	29.75	30.01	29.73	29.97	1597700
20070216	29.86	30.00	29.78	29.89	708800
20070215	29.86	29.99	29.75	29.95	567700
20070214	29.79	29.99	29.58	29.97	826100
20070213	29.25	29.80	29.24	29.69	635700
20070212	29.66	29.72	29.26	29.31	1687800
20070209	30.00	30.07	29.45	29.55	772300
20070208	30.18	30.20	29.86	30.01	536500
20070207	30.16	30.35	29.93	30.11	997000
20070206	30.05	30.27	29.80	30.13	1217000
20070205	29.78	30.49	29.74	30.07	1606100
20070202	29.85	30.03	29.76	29.86	897200
20070201	30.05	30.17	29.63	29.78	1546700
20070131	29.95	30.17	29.62	30.06	1482400
20070130	29.78	30.01	29.57	29.95	945700
20070129	29.71	29.85	29.50	29.72	1265900
20070126	30.22	30.23	29.71	29.74	782000
20070125	30.57	30.72	30.02	30.22	728200
20070124	30.74	30.80	30.62	30.76	813000
20070123	30.57	30.83	30.47	30.74	1155100
20070122	30.42	30.66	30.35	30.45	583100
20070119	30.52	30.78	30.30	30.56	1042500
20070118	30.74	30.88	30.42	30.64	1236400
20070117	30.74	30.80	30.60	30.62	1299600
20070116	30.83	30.89	30.34	30.69	1134100
20070112	30.57	30.80	30.50	30.76	1283100
20070111	30.43	30.68	30.01	30.66	1624100
20070110	29.40	30.41	28.90	30.29	1693900
20070109	29.27	29.58	29.24	29.54	754200
20070108	28.95	29.55	28.76	29.34	795000
20070105	29.22	29.24	28.77	29.04	1093900
20070104	29.34	29.45	29.07	29.11	1571800
20070103	29.20	29.60	28.85	29.35	2061200
20061229	28.88	29.33	28.86	29.15	876900
20061228	28.76	29.10	28.69	28.98	668900
20061227	29.00	29.20	28.81	28.91	460800
20061226	28.46	28.99	28.46	28.81	245600
20061222	28.66	28.89	28.52	28.61	497200
20061221	28.32	28.68	28.32	28.57	694400
20061220	28.28	28.55	28.18	28.23	1224900
20061219	28.63	28.63	28.13	28.35	732100
20061218	28.56	29.08	28.36	28.70	700500
20061215	27.50	29.22	27.50	28.50	1833100
20061214	28.66	29.00	28.50	28.81	1091600
20061213	28.67	28.86	28.32	28.70	903800
20061212	28.42	28.77	28.33	28.63	587300
20061211	28.23	28.67	28.02	28.35	686400
20061208	27.67	28.62	27.58	28.24	619200
20061207	28.10	28.22	27.60	27.66	769700
20061206	27.58	28.01	27.57	27.97	692200
20061205	27.70	27.77	27.53	27.70	986600
20061204	27.43	27.75	27.22	27.69	795400
20061201	27.05	27.32	26.94	27.30	996800
20061130	27.24	27.52	26.85	26.97	2270700
20061129	27.30	27.95	27.30	27.36	1436500
20061128	26.52	26.81	26.40	26.61	551100
20061127	26.68	26.80	26.46	26.64	835400
20061124	26.75	26.99	26.73	26.81	120900
20061122	26.86	27.11	26.54	26.97	885100
20061121	27.36	27.36	26.82	26.91	687300
20061120	27.25	27.34	26.98	27.21	761700
20061117	27.40	27.55	27.25	27.29	614900
20061116	27.67	27.67	27.48	27.52	646400
20061115	27.40	27.67	27.29	27.51	909800
20061114	27.38	27.44	27.03	27.32	684100
20061113	27.37	27.71	27.28	27.43	967200
20061110	27.04	27.41	26.97	27.41	1110800
20061109	27.01	27.36	26.81	27.16	1360300
20061108	26.50	26.90	26.42	26.85	1120600
20061107	26.26	26.70	26.15	26.66	1060200
20061106	25.98	26.56	25.95	26.34	1047800
20061103	26.05	26.24	25.82	25.99	1022900
20061102	25.76	26.18	25.56	26.13	640500
20061101	26.17	26.32	25.61	25.80	1399100
20061031	25.80	26.30	25.66	26.24	3569300
20061030	26.37	26.50	25.74	25.82	1365300
20061027	25.92	26.34	25.73	26.24	1150000
20061026	25.19	26.19	25.16	26.07	1593000
20061025	25.44	25.56	25.04	25.26	1139000
20061024	25.70	25.75	25.50	25.56	1215800
20061023	25.78	25.81	25.58	25.69	1093500
20061020	25.97	26.12	25.78	25.87	707700
20061019	26.10	26.45	25.96	26.06	655400
20061018	26.20	26.24	25.90	26.07	1188600
20061017	26.00	26.22	25.84	25.91	607300
20061016	26.22	26.37	26.02	26.20	1422900
20061013	26.25	26.36	26.02	26.32	928100
20061012	26.12	26.40	25.97	26.33	930100
20061011	26.45	26.45	25.89	26.14	1045600
20061010	26.42	26.49	26.20	26.45	930800
20061009	26.30	26.56	26.13	26.36	683600
20061006	26.05	26.28	25.73	26.20	596800
20061005	25.77	26.30	25.60	26.18	1429000
20061004	25.68	25.96	25.46	25.89	1589500
20061003	25.60	26.02	25.55	25.88	2492100
20061002	25.78	26.17	25.54	25.77	1728200
20060929	25.85	25.88	25.60	25.74	1345500
20060928	25.75	25.87	25.55	25.75	649200
20060927	25.73	25.86	25.64	25.75	928100
20060926	25.72	26.15	25.72	25.84	1438400
20060925	25.59	25.89	25.43	25.88	954500
20060922	25.56	25.61	25.20	25.58	762200
20060921	25.80	25.81	25.43	25.50	1577400
20060920	25.67	25.69	25.37	25.66	1300500
20060919	25.60	25.90	25.40	25.44	2075800
20060918	25.76	25.99	25.45	25.54	1357100
20060915	25.50	26.04	25.33	25.53	4467300
20060914	24.74	25.20	24.54	25.18	1494800
20060913	25.12	25.16	24.88	24.96	1391700
20060912	25.09	25.32	24.90	25.24	1355600
20060911	24.17	25.35	24.17	25.13	3349600
20060908	24.56	24.56	24.24	24.32	2393300
20060907	24.20	24.65	24.07	24.45	3411800
20060906	24.04	24.47	23.88	24.20	3102700
20060905	23.76	24.20	23.72	24.10	1742900
20060901	23.66	23.96	23.64	23.84	888400
20060831	23.82	23.90	23.51	23.61	1368900
20060830	23.58	23.76	23.46	23.70	1008300
20060829	23.80	23.85	23.43	23.65	1023100
20060828	23.65	23.91	23.57	23.83	810000
20060825	23.68	24.14	23.63	23.82	1327500
20060824	23.72	23.94	23.66	23.84	1357100
20060823	23.77	23.82	23.56	23.61	611600
20060822	23.49	23.74	23.36	23.71	761100
20060821	23.54	23.63	23.35	23.61	782200
20060818	23.76	23.82	23.39	23.48	1132000
20060817	23.93	24.05	23.66	23.76	1299800
20060816	23.75	24.05	23.64	24.03	711700
20060815	23.67	23.89	23.61	23.80	835400
20060814	23.37	23.93	23.37	23.63	931700
20060811	23.31	23.55	23.28	23.42	1039100
20060810	23.00	23.64	23.00	23.41	3055200
20060809	22.59	22.72	22.17	22.43	1151500
20060808	22.50	22.96	22.09	22.42	1469400
20060807	22.22	22.44	22.06	22.35	995400
20060804	22.19	22.68	22.17	22.33	2004000
20060803	21.98	22.16	21.83	22.11	906800
20060802	21.75	22.06	21.65	22.02	1420400
20060801	21.76	21.84	21.34	21.46	1452000
20060731	21.86	21.97	21.63	21.85	1553200
20060728	21.33	21.86	21.18	21.73	1529900
20060727	20.93	21.53	20.69	21.35	3854500
20060726	20.55	20.91	20.33	20.79	3127300
20060725	21.01	21.19	20.55	20.60	1483500
20060724	20.77	21.08	20.56	21.06	1567600
20060721	20.95	21.14	20.73	20.78	2664000
20060720	20.84	21.26	20.74	21.11	1922700
20060719	20.99	21.12	20.84	20.90	3040400
20060718	21.17	21.28	20.89	20.97	2473500
20060717	21.20	21.26	21.01	21.17	2418600
20060714	21.06	21.16	20.77	21.16	2493300
20060713	21.29	21.49	21.12	21.15	1561100
20060712	21.40	21.55	21.24	21.28	1473200
20060711	21.59	21.62	21.34	21.48	2232400
20060710	21.59	21.76	21.44	21.54	2335200
20060707	21.36	21.74	21.27	21.51	1626700
20060706	21.25	21.72	21.25	21.44	1791500
20060705	21.22	21.37	21.07	21.25	1521200
20060703	21.40	21.43	21.25	21.38	705100
20060630	21.57	21.60	21.21	21.50	3809000
20060629	21.40	21.50	21.09	21.35	3451800
20060628	21.34	21.59	21.14	21.31	2395300
20060627	22.01	22.08	21.41	21.42	1453900
20060626	22.19	22.28	21.84	21.93	1730300
20060623	22.21	22.38	22.09	22.20	1435700
20060622	22.80	23.04	22.04	22.19	2149700
20060621	22.84	23.15	22.74	22.89	3461800
20060620	22.81	23.15	22.63	22.72	1055200
20060619	22.55	23.28	22.55	22.92	1122200
20060616	23.10	23.20	22.65	22.70	1870300
20060615	22.80	23.41	22.58	23.27	5956100
20060614	23.00	23.10	22.31	22.69	2639400
20060613	23.28	23.41	22.87	23.07	2255100
20060612	23.36	23.59	22.99	23.03	3801500
20060609	23.49	23.58	23.24	23.42	1100800
20060608	23.12	23.49	22.98	23.27	2019600
20060607	23.23	23.50	22.98	23.39	1268800
20060606	23.01	23.42	22.66	22.99	4369400
20060605	23.16	23.42	23.01	23.08	1111200
20060602	23.60	23.61	22.98	23.34	1440400
20060601	22.70	23.46	22.70	23.38	1545600
20060531	22.92	23.19	22.64	22.93	1479400
20060530	23.29	23.38	22.68	22.95	2252800
20060526	22.81	23.37	22.62	23.24	1080400
20060525	22.78	23.00	22.42	22.89	925400
20060524	22.77	23.18	22.35	22.76	2190400
20060523	23.24	23.37	22.81	22.93	1584000
20060522	23.37	23.61	22.85	23.20	2332900
20060519	23.19	23.48	23.02	23.45	2425100
20060518	23.31	23.59	23.09	23.42	1838000
20060517	23.13	23.46	23.10	23.31	2216100
20060516	23.77	23.80	23.00	23.43	4911800
20060515	21.88	22.58	21.61	22.56	2764100
20060512	21.60	21.92	21.37	21.84	3125000
20060511	21.67	21.82	21.26	21.65	6629200
20060510	20.92	21.21	20.75	21.13	2355500
20060509	21.17	21.17	20.84	21.02	2328200
20060508	21.16	21.30	20.99	21.07	1356200
20060505	20.86	21.32	20.60	21.28	2618400
20060504	20.31	20.69	20.31	20.67	1495400
20060503	20.36	20.67	20.19	20.35	1457700
20060502	20.58	20.77	20.22	20.48	2216000
20060501	20.71	21.02	20.40	20.48	1474100
20060428	20.82	20.97	20.62	20.71	1940800
20060427	20.62	20.82	20.54	20.69	1503900
20060426	20.32	20.74	20.22	20.60	1737700
20060425	20.45	20.54	20.29	20.39	927600
20060424	20.49	20.68	20.17	20.44	1103700
20060421	21.00	21.24	20.40	20.60	2539700
20060420	20.95	21.01	20.60	20.88	767800
20060419	20.83	21.06	20.71	20.86	1176600
20060418	20.62	20.96	20.55	20.87	1120500
20060417	20.78	21.34	20.44	20.55	2141400
20060413	20.75	21.20	20.66	20.93	920400
20060412	20.76	21.00	20.44	20.85	1113500
20060411	20.64	20.89	20.50	20.80	2411800
20060410	21.00	21.15	20.63	20.64	1916400
20060407	21.23	21.50	20.80	20.92	1089700
20060406	21.01	21.20	20.76	21.09	1619400
20060405	21.05	21.66	20.71	20.96	2944400
20060404	20.80	21.15	20.79	21.00	2591400
20060403	20.52	20.90	20.45	20.84	2961700
20060331	20.05	20.47	19.80	20.47	2605200
20060330	19.75	20.12	19.75	19.99	2488600
20060329	19.55	19.92	19.35	19.83	1446000
20060328	19.94	19.94	19.45	19.52	1691800
20060327	20.02	20.02	19.81	19.88	1906500
20060324	19.73	20.16	19.67	19.96	1717200
20060323	19.43	20.10	19.38	19.74	5341700
20060322	18.25	18.73	18.21	18.56	2105800
20060321	18.47	18.72	18.30	18.35	1425700
20060320	18.49	18.65	18.48	18.53	2034100
20060317	18.64	18.89	18.39	18.54	3654100
20060316	19.26	19.35	18.65	18.67	2848900
20060315	19.68	19.78	19.17	19.30	2002300
20060314	19.78	19.85	19.60	19.73	2583000
20060313	19.54	19.92	19.54	19.63	2425400
20060310	19.47	19.72	19.39	19.54	2506100
20060309	19.89	19.89	19.53	19.59	1169100
20060308	19.88	19.96	19.56	19.67	1909600
20060307	20.05	20.09	19.77	19.84	1289700
20060306	20.30	20.41	19.94	20.02	1081100
20060303	20.15	20.82	20.08	20.30	865300
20060302	19.79	20.36	19.73	20.33	1114800
20060301	20.48	21.15	19.82	19.86	4480600
20060228	20.86	20.93	20.15	20.31	2471700
20060227	20.67	21.01	20.40	20.91	904600
20060224	20.48	20.64	20.25	20.60	675200
20060223	20.32	20.65	20.14	20.48	778400
20060222	20.41	20.48	20.09	20.41	1451400
20060221	20.55	20.66	20.20	20.24	1070700
20060217	20.36	20.69	20.19	20.61	1101800
20060216	20.25	20.61	20.16	20.44	709100
20060215	20.36	20.36	20.05	20.26	1096100
20060214	20.45	20.56	20.24	20.30	1380200
20060213	20.21	20.70	20.12	20.50	2447300
20060210	20.17	20.26	19.83	20.18	1047000
20060209	20.05	20.39	19.79	20.12	1340900
20060208	20.07	20.59	19.88	19.94	1251100
20060207	20.19	20.55	19.96	20.06	1186000
20060206	20.32	20.40	20.09	20.26	1289400
20060203	20.49	20.71	20.19	20.30	3516200
20060202	21.13	21.24	20.59	20.65	3572000
20060201	21.35	21.61	21.18	21.22	2347200
20060131	21.56	21.63	21.12	21.40	926400
20060130	21.26	21.55	21.14	21.47	1866000
20060127	21.48	21.60	21.11	21.16	2169800
20060126	21.69	21.69	21.17	21.50	2386900
20060125	21.32	21.49	21.32	21.37	1336100
20060124	21.66	21.68	21.45	21.52	1390600
20060123	21.62	21.92	21.32	21.71	1637800
20060120	21.77	22.32	21.63	21.73	2552200
20060119	21.56	22.11	21.42	21.96	1864700
20060118	21.85	22.12	21.49	21.63	1033500
20060117	22.08	22.09	21.54	21.71	953500
20060113	22.13	22.25	21.94	22.02	476200
20060112	21.99	22.13	21.95	21.99	1027300
20060111	21.57	22.35	21.57	22.06	1427400
20060110	21.97	22.01	21.41	21.86	2143400
20060109	22.37	22.40	21.97	22.08	1277600
20060106	22.39	22.47	22.10	22.42	1439400
20060105	22.34	22.44	22.01	22.22	1049100
20060104	22.22	22.42	22.01	22.39	1569700
20060103	22.35	22.49	21.87	22.21	1526000
20051230	22.31	22.57	22.23	22.50	855700
20051229	22.11	22.57	22.11	22.53	777700
20051228	21.85	22.24	21.66	22.15	1222600
20051227	21.77	21.98	21.76	21.95	859300
20051223	21.93	22.15	21.77	21.83	977700
20051222	22.08	22.26	21.84	21.87	1543600
20051221	22.72	22.72	22.10	22.12	864400
20051220	22.28	22.83	21.95	22.62	1116800
20051219	22.60	22.61	22.00	22.19	828600
20051216	22.75	22.75	22.16	22.38	2231700
20051215	22.67	22.75	22.42	22.51	1248400
20051214	22.66	22.90	22.48	22.60	652300
20051213	22.66	22.95	22.58	22.80	986700
20051212	22.51	22.74	22.31	22.61	765900
20051209	22.62	22.69	22.08	22.54	595100
20051208	22.91	22.97	22.36	22.69	1728900
20051207	22.64	23.11	22.54	22.93	1275100
20051206	22.25	22.75	21.84	22.59	1233500
20051205	22.82	22.99	22.03	22.32	1151600
20051202	22.76	23.01	22.58	23.00	978600
20051201	22.52	23.18	22.29	23.04	1737400
20051130	23.42	23.57	22.12	22.31	4206000
20051129	24.05	24.05	23.44	23.51	1734800
20051128	24.26	24.50	23.87	23.90	1754200
20051125	24.19	24.53	24.09	24.36	390200
20051123	24.43	24.45	24.12	24.33	673000
20051122	24.65	24.68	24.44	24.50	797300
20051121	24.69	24.76	24.58	24.63	968000
20051118	25.01	25.03	24.65	24.80	1128200
20051117	24.70	24.94	24.43	24.73	787900
20051116	24.49	24.67	24.18	24.58	798100
20051115	25.18	25.43	24.44	24.57	2050200
20051114	25.21	25.42	25.09	25.26	705800
20051111	25.70	25.94	24.91	25.28	706600
20051110	25.58	25.75	25.28	25.58	1039800
20051109	25.77	25.80	25.12	25.40	597100
20051108	25.30	25.76	25.07	25.74	1792700
20051107	25.18	25.30	24.95	25.29	689600
20051104	25.17	25.34	24.85	24.97	666200
20051103	24.95	25.16	24.60	25.14	1063900
20051102	24.49	24.77	24.15	24.70	2141800
20051101	24.82	24.82	24.36	24.43	1037000
20051031	24.45	24.95	24.32	24.78	1441900
20051028	24.75	24.89	24.34	24.49	2546000
20051027	25.43	25.55	24.55	24.59	797500
20051026	25.41	25.68	25.28	25.38	841800
20051025	25.29	25.69	25.29	25.56	603800
20051024	25.10	25.52	24.97	25.52	968500
20051021	24.86	25.10	24.70	25.10	1644400
20051020	24.90	25.00	24.64	24.86	1129300
20051019	24.55	24.83	24.14	24.79	1245200
20051018	24.49	25.10	24.10	24.42	1711500
20051017	24.90	24.97	24.36	24.49	2012800
20051014	24.43	24.91	23.93	24.88	2126100
20051013	25.15	25.30	24.04	24.54	3148500
20051012	26.04	26.04	25.08	25.30	1762200
20051011	25.91	26.22	25.74	26.01	5020600
20051010	26.00	26.18	25.82	26.04	692900
20051007	26.41	26.80	26.10	26.10	781900
20051006	26.58	27.03	26.30	26.47	1665500
20051005	26.77	27.12	26.55	26.71	2002200
20051004	26.69	27.06	26.67	26.87	1037200
20051003	27.17	27.20	26.20	26.79	2867200
20050930	25.57	27.09	25.39	27.09	2763300
20050929	25.91	26.04	25.24	25.61	2923600
20050928	26.04	26.18	25.89	26.03	1442600
20050927	26.31	26.38	25.95	26.08	1164400
20050926	26.59	26.63	26.00	26.15	1114200
20050923	25.96	26.67	25.87	26.42	1015800
20050922	26.43	26.43	25.95	26.03	1817700
20050921	26.38	26.77	26.14	26.35	1384500
20050920	26.35	26.97	26.29	26.59	1284900
20050919	27.00	27.25	26.11	26.29	2228400
20050916	26.72	27.18	26.60	27.18	1738800
20050915	27.02	27.20	26.73	26.82	1139200
20050914	26.63	27.35	26.26	27.10	3872300
20050913	26.68	26.95	26.35	26.76	2301100
20050912	25.31	26.62	25.06	26.60	2795400
20050909	25.43	25.73	24.96	25.30	2359500
20050908	26.53	26.67	25.44	25.52	3422200
20050907	26.65	27.17	25.70	26.68	3284400
20050906	50.89	52.32	50.79	52.06	1314600
20050902	50.78	51.37	50.69	50.87	579300
20050901	50.74	50.94	50.25	50.79	1371800
20050831	49.91	50.92	49.29	50.75	1081200
20050830	48.84	50.03	48.78	49.89	783900
20050829	48.56	49.44	48.51	49.28	785100
20050826	48.64	48.95	48.56	48.66	524500
20050825	48.70	49.15	48.50	48.77	614300
20050824	48.91	49.50	48.57	48.78	906200
20050823	48.34	48.96	48.17	48.84	412000
20050822	48.19	48.89	48.10	48.65	614700
20050819	48.07	48.60	47.88	48.20	1042200
20050818	48.95	48.97	48.26	48.40	434000
20050817	48.52	49.01	48.18	48.92	548300
20050816	48.83	49.10	48.05	48.59	730100
20050815	48.34	48.86	48.18	48.75	504600
20050812	48.28	48.78	47.70	48.58	873700
20050811	47.23	49.00	46.53	48.55	1464000
20050810	47.18	47.20	46.36	46.93	1382400
20050809	47.12	47.39	46.55	46.89	1297100
20050808	47.37	47.45	46.44	46.95	914600
20050805	47.87	47.94	47.04	47.04	340600
20050804	48.01	48.44	47.70	47.92	540800
20050803	47.79	48.10	47.32	47.98	510400
20050802	47.32	48.27	47.22	48.04	759600
20050801	47.37	47.68	47.08	47.46	491100
20050729	48.09	48.28	47.23	47.44	604300
20050728	48.17	48.34	47.77	47.98	776500
20050727	48.85	49.04	47.88	48.15	755800
20050726	48.10	48.86	47.41	48.62	560900
20050725	48.89	49.10	47.96	48.19	850300
20050722	47.51	48.98	47.15	48.59	1821000
20050721	47.61	47.68	46.18	47.40	909700
20050720	47.05	47.96	46.48	47.70	1090500
20050719	46.89	47.13	46.49	47.07	834000
20050718	46.84	47.33	46.77	47.01	652900
20050715	47.46	47.48	46.70	47.01	654400
20050714	47.41	47.76	45.84	46.75	1177300
20050713	48.05	48.20	47.47	47.54	808200
20050712	47.79	48.09	47.50	47.95	4028300
20050711	47.59	47.75	47.30	47.69	1031600
20050708	46.81	47.44	46.37	47.32	662200
20050707	45.80	46.86	45.55	46.74	905300
20050706	45.96	46.69	45.75	46.02	969500
20050705	46.28	46.54	45.60	46.25	949500
20050701	46.67	46.96	46.60	46.62	646600
20050630	46.83	46.89	46.59	46.61	929200
20050629	46.66	46.93	46.47	46.62	576600
20050628	46.50	47.32	46.41	46.61	1002200
20050627	47.34	48.08	46.25	46.55	1321200
20050624	48.05	48.15	47.45	47.80	2032800
20050623	47.74	48.40	47.50	47.95	2377700
20050622	47.34	47.94	46.96	47.74	2027900
20050621	46.97	47.26	46.79	47.09	2575900
20050620	46.19	46.90	46.09	46.84	1864000
20050617	45.51	46.58	45.35	46.15	4438000
20050616	44.58	45.21	44.28	45.19	2075500
20050615	44.35	44.49	44.13	44.38	1367500
20050614	43.94	44.56	43.81	44.35	1801300
20050613	43.75	43.90	43.56	43.83	1531700
20050610	43.52	43.84	43.32	43.69	748200
20050609	42.51	43.55	42.50	43.41	1562800
20050608	42.23	42.92	42.23	42.45	727100
20050607	42.28	42.85	42.00	42.35	1391500
20050606	42.35	42.50	42.04	42.20	428000
20050603	42.61	42.85	42.23	42.31	531000
20050602	42.04	42.62	41.80	42.49	649400
20050601	41.88	42.14	41.75	42.04	546500
20050531	42.52	42.66	41.90	41.91	853500
20050527	42.83	42.83	42.50	42.59	520400
20050526	42.47	42.81	42.47	42.70	687000
20050525	42.60	42.80	42.28	42.51	408300
20050524	42.61	42.99	42.54	42.76	425700
20050523	42.73	43.13	42.50	42.89	1298900
20050520	42.06	43.17	41.98	42.99	1878400
20050519	41.09	42.08	41.07	41.99	1151900
20050518	40.95	41.44	40.80	41.09	1856300
20050517	41.22	41.22	40.60	40.89	956200
20050516	41.83	41.83	41.07	41.21	508500
20050513	42.53	42.86	41.70	41.70	850300
20050512	42.81	42.81	41.90	42.28	445800
20050511	43.65	43.85	42.20	42.60	683400
20050510	43.88	43.88	43.01	43.29	829800
20050509	43.23	43.97	43.12	43.88	910100
20050506	42.77	43.42	42.14	43.23	1110100
20050505	42.95	43.05	42.20	42.76	723400
20050504	42.37	43.39	42.29	43.16	726400
20050503	40.78	42.14	40.63	42.14	870000
20050502	41.75	42.04	40.69	40.77	635500
20050429	41.17	42.00	41.11	41.47	1303700
20050428	41.36	41.62	41.10	41.31	1703400
20050427	41.00	41.87	40.91	41.76	824400
20050426	41.93	42.10	41.15	41.16	863900
20050425	42.20	42.50	41.83	42.14	526200
20050422	43.03	43.25	41.98	42.17	569700
20050421	41.70	43.01	41.70	43.01	1241900
20050420	41.94	41.94	41.47	41.65	725800
20050419	42.16	42.24	41.70	41.84	688400
20050418	42.00	43.20	41.71	42.04	1140000
20050415	42.33	42.90	41.85	41.87	1012800
20050414	42.88	43.31	42.74	42.80	958700
20050413	42.87	43.01	42.69	42.93	1196800
20050412	42.23	42.83	41.84	42.73	899900
20050411	41.89	42.62	41.89	42.49	826000
20050408	41.62	42.44	41.60	41.61	1089000
20050407	41.03	41.49	41.00	41.30	863700
20050406	41.27	41.70	41.06	41.09	1188800
20050405	41.96	41.99	41.16	41.48	1714300
20050404	43.05	43.25	41.65	41.95	1279700
20050401	43.74	44.02	43.06	43.09	828600
20050331	43.45	43.75	43.34	43.74	660500
20050330	43.78	43.97	43.34	43.52	885500
20050329	44.07	44.20	43.43	43.76	1675000
20050328	44.11	44.56	44.00	44.03	781900
20050324	44.75	45.08	43.67	43.99	823700
20050323	45.40	45.70	43.62	44.27	1262200
20050322	45.66	46.31	45.36	45.57	649200
20050321	45.17	45.91	44.99	45.60	419100
20050318	45.60	46.00	44.98	45.24	456700
20050317	45.60	46.08	45.08	45.64	486900
20050316	46.06	46.34	45.19	45.50	653900
20050315	46.89	47.12	45.89	46.33	484700
20050314	47.00	47.41	46.65	46.66	688100
20050311	47.30	47.70	46.49	46.98	949700
20050310	47.15	47.48	46.78	47.40	883800
20050309	46.83	47.53	46.53	47.28	1664500
20050308	45.30	46.82	45.30	46.57	1185700
20050307	45.00	45.57	44.89	45.40	800900
20050304	44.80	45.43	44.51	44.85	877300
20050303	44.72	45.00	44.24	44.50	1106800
20050302	43.45	45.00	43.28	44.55	971400
20050301	43.23	43.85	43.23	43.35	971900
20050228	43.26	43.62	42.77	43.23	902900
20050225	43.38	43.57	42.88	43.18	1015800
20050224	43.30	43.75	43.00	43.43	923900
20050223	43.48	43.89	43.25	43.40	761300
20050222	43.98	44.48	43.21	43.40	988700
20050218	44.54	44.99	44.09	44.17	1279200
20050217	44.71	44.97	44.05	44.15	1099700
20050216	44.95	46.61	44.76	44.91	1490700
20050215	44.61	45.35	44.50	44.95	1545400
20050214	44.93	45.10	44.13	44.54	575300
20050211	44.52	45.56	44.27	45.00	686700
20050210	44.47	44.78	44.30	44.41	427400
20050209	44.95	44.95	43.84	44.40	943600
20050208	45.35	45.45	44.77	44.93	907700
20050207	45.00	45.58	45.00	45.41	580000
20050204	44.61	45.21	44.43	45.11	726100
20050203	44.74	45.17	44.23	44.57	391200
20050202	44.95	44.97	44.42	44.73	555200
20050201	45.42	45.58	44.71	44.79	1183000
20050131	44.72	45.70	44.65	45.28	657300
20050128	44.90	44.90	43.79	44.54	1248400
20050127	45.46	45.59	44.46	44.87	918500
20050126	45.86	45.99	45.38	45.54	623600
20050125	45.40	45.96	45.40	45.82	757500
20050124	44.55	45.95	44.44	45.39	801600
20050121	44.09	44.77	43.90	44.55	740100
20050120	44.31	44.65	43.97	44.07	943200
20050119	44.06	44.98	43.95	44.26	1440200
20050118	43.39	44.29	43.31	44.23	2032700
20050114	42.76	43.85	42.70	43.69	1067300
20050113	42.82	43.18	42.46	42.81	647200
20050112	43.69	43.91	42.68	43.09	386700
20050111	43.20	43.59	42.50	43.45	684700
20050110	43.58	43.96	42.94	43.16	508800
20050107	43.25	43.74	43.07	43.41	493800
20050106	43.57	43.65	43.21	43.22	1024300
20050105	44.46	45.33	43.62	43.69	809500
20050104	45.85	46.44	44.44	44.89	593800
20050103	45.88	46.22	45.07	46.14	1019800
20041231	46.43	46.52	46.04	46.23	322600
20041230	46.87	46.95	46.15	46.38	255400
20041229	45.98	46.77	45.97	46.62	277200
20041228	46.00	46.40	45.80	46.36	637700
20041227	46.50	46.50	45.17	45.96	733700
20041223	46.00	46.16	45.53	46.00	277900
20041222	45.98	46.30	45.58	46.00	416900
20041221	46.31	46.37	45.74	46.15	1044300
20041220	46.92	47.09	45.78	46.09	2047000
20041217	45.09	47.27	45.09	47.27	5769900
20041216	45.68	45.74	44.75	45.27	503500
20041215	45.62	45.92	45.41	45.63	676300
20041214	44.70	45.58	44.70	45.30	577000
20041213	44.97	45.23	44.76	44.98	596800
20041210	44.72	45.07	44.38	44.85	582500
20041209	44.38	44.87	44.09	44.70	649000
20041208	43.88	44.57	43.88	44.40	614000
20041207	43.65	44.32	43.65	43.88	543900
20041206	43.25	43.80	43.25	43.57	421800
20041203	43.90	43.95	43.04	43.37	488900
20041202	43.73	43.75	42.72	43.50	505200
20041201	42.91	44.66	42.65	43.68	1293300
20041130	41.99	43.23	41.70	43.06	1386700
20041129	41.57	42.00	41.57	41.85	424200
20041126	41.51	41.71	41.20	41.70	148800
20041124	41.39	41.60	41.05	41.54	344500
20041123	41.12	41.35	40.96	41.26	678300
20041122	41.18	41.40	40.75	41.18	768200
20041119	41.29	41.38	40.96	40.96	746600
20041118	41.11	41.55	40.85	41.29	386200
20041117	40.58	41.40	40.40	41.00	747900
20041116	40.22	40.94	39.52	40.53	806800
20041115	39.38	40.47	39.27	40.20	561700
20041112	38.00	39.60	37.55	39.32	1095300
20041111	37.75	38.63	37.69	37.95	442400
20041110	37.48	38.32	37.34	37.76	363900
20041109	37.30	38.24	37.25	37.42	501500
20041108	37.00	37.29	36.90	37.28	414700
20041105	37.01	37.21	36.50	37.10	521900
20041104	36.50	37.06	36.50	37.05	361500
20041103	36.85	36.89	36.45	36.67	255000
20041102	36.10	36.70	36.10	36.70	643100
20041101	35.89	36.30	35.82	36.30	501500
20041029	35.08	36.10	35.05	36.05	412400
20041028	34.65	35.42	34.65	35.30	479200
20041027	34.45	35.15	34.45	34.75	329300
20041026	34.66	34.85	34.32	34.43	913000
20041025	35.00	35.24	34.51	34.81	529700
20041022	35.40	35.73	34.94	35.04	498400
20041021	35.01	36.00	35.01	35.45	453200
20041020	34.07	35.47	34.00	35.25	755100
20041019	34.35	34.84	34.15	34.19	539700
20041018	34.58	34.83	34.09	34.35	334200
20041015	35.34	35.37	34.65	34.72	1224300
20041014	35.79	35.95	35.13	35.51	393000
20041013	35.76	36.03	35.76	35.95	364700
20041012	35.11	36.01	34.99	35.94	357600
20041011	35.36	35.40	34.79	35.15	636200
20041008	35.79	35.94	35.18	35.28	305800
20041007	36.30	36.36	35.65	35.89	594800
20041006	35.01	36.02	34.90	36.00	568900
20041005	34.64	34.97	34.12	34.96	856600
20041004	34.31	34.51	34.23	34.51	404600
20041001	33.25	34.28	33.25	34.28	779600
20040930	32.71	33.56	32.18	33.36	1363200
20040929	32.67	32.87	32.67	32.83	466900
20040928	32.87	32.91	32.68	32.72	424200
20040927	32.77	32.98	32.75	32.86	836400
20040924	32.99	33.20	32.80	32.91	549500
20040923	33.05	33.44	32.92	33.09	609100
20040922	33.09	33.10	32.90	32.95	712700
20040921	33.10	33.29	32.99	33.04	727600
20040920	33.54	33.90	33.00	33.18	476800
20040917	33.79	34.20	33.40	33.60	755000
20040916	33.40	33.84	33.40	33.76	705500
20040915	33.52	33.60	33.34	33.50	1314400
20040914	33.50	33.74	33.50	33.60	1760000
20040913	33.42	33.73	33.42	33.61	796600
20040910	33.20	33.64	33.11	33.50	566700
20040909	33.08	33.66	33.08	33.51	734500
20040908	33.63	33.65	33.08	33.25	923400
20040907	33.32	33.55	33.30	33.30	445800
20040903	33.55	33.64	33.29	33.38	286200
20040902	33.26	33.55	33.06	33.48	540400
20040901	33.45	33.60	33.10	33.44	857700
20040831	32.45	33.80	32.40	33.80	928400
20040830	32.51	32.75	32.32	32.51	1289900
20040827	32.74	32.79	32.49	32.50	417900
20040826	33.00	33.11	32.56	32.56	775500
20040825	33.39	33.39	33.00	33.06	362500
20040824	33.43	33.57	33.01	33.21	705400
20040823	33.30	34.00	33.19	33.39	1120200
20040820	32.50	33.39	32.40	33.34	574300
20040819	32.60	32.60	32.25	32.43	885400
20040818	32.45	32.65	32.19	32.42	1626500
20040817	31.44	32.72	31.22	32.62	1717500
20040816	30.84	31.86	30.51	31.50	1792400
20040813	29.15	31.20	29.11	31.07	2258600
20040812	29.44	29.50	28.86	29.22	1300800
20040811	28.92	29.20	28.60	29.15	1123000
20040810	29.11	29.40	28.81	29.24	1641800
20040809	29.86	30.10	28.91	29.35	1040200
20040806	29.80	30.39	29.51	30.10	888400
20040805	29.95	30.14	29.70	30.06	1525500
20040804	31.00	31.08	29.80	30.01	1784500
20040803	31.00	31.20	30.95	31.20	1320600
20040802	31.00	31.23	30.90	31.14	1069800
20040730	31.48	31.55	30.82	31.18	1394200
20040729	31.70	31.76	31.10	31.30	1705400
20040728	31.94	31.96	31.65	31.68	1053600
20040727	32.31	32.32	31.80	31.98	2261500
20040726	33.60	33.90	31.40	32.39	1829500
20040723	34.20	34.30	33.90	34.02	836700
20040722	34.57	34.60	34.09	34.30	903600
20040721	34.76	34.92	34.20	34.69	994300
20040720	34.43	34.92	34.43	34.92	886500
20040719	34.60	34.60	34.36	34.50	590100
20040716	34.20	34.65	34.01	34.47	697700
20040715	34.25	34.25	33.82	34.19	696600
20040714	34.20	34.22	33.84	34.02	783100
20040713	34.90	34.90	34.05	34.31	679300
20040712	34.70	34.92	34.55	34.70	619900
20040709	34.50	35.37	34.36	34.71	1262300
20040708	34.60	34.94	34.25	34.66	904500
20040707	34.95	35.17	34.15	34.75	1200500
20040706	35.90	36.05	34.71	34.92	1093200
20040702	36.19	36.25	35.65	35.69	791800
20040701	36.84	37.00	35.91	36.12	1154500
20040630	35.75	37.10	35.50	37.10	2997100
20040629	34.75	35.80	34.71	35.70	671100
20040628	35.00	35.53	34.48	34.74	944400
20040625	34.46	35.78	33.98	35.50	1484300
20040624	35.70	35.70	34.05	34.64	1770700
20040623	35.43	35.79	35.37	35.50	997100
20040622	36.14	36.14	35.38	35.55	1129000
20040621	36.06	36.29	36.00	36.10	977200
20040618	36.20	36.23	36.00	36.23	1763100
20040617	36.19	36.30	36.00	36.05	1863800
20040616	36.02	36.22	35.93	36.07	2456500
20040615	36.76	37.05	35.99	36.18	3737700
20040614	36.65	37.11	36.65	37.01	2214100
20040610	35.90	36.95	35.82	36.94	2409800
20040609	37.00	37.11	35.88	35.95	4919200
20040608	38.00	38.00	35.95	37.06	4785600
20040607	38.35	38.55	38.25	38.50	1122100
20040604	38.00	39.00	38.00	38.50	853900
20040603	38.50	39.15	38.25	39.15	1256000