Date	Open	High	Low	Close	Volume
20130923	24.64	24.64	24.04	24.05	3351700
20130920	24.23	24.55	24.10	24.53	3465100
20130919	24.35	24.37	24.10	24.13	1247900
20130918	23.74	24.34	23.60	24.26	1741200
20130917	23.59	23.86	23.55	23.79	1183500
20130916	23.82	23.99	23.43	23.52	1285000
20130913	23.76	23.81	23.49	23.56	1594600
20130912	23.97	24.21	23.58	23.65	1870800
20130911	23.98	24.26	23.86	23.94	2799500
20130910	24.23	24.39	23.83	24.05	2735100
20130909	23.76	24.14	23.70	24.12	1716200
20130906	23.50	23.82	23.41	23.69	2635500
20130905	23.23	23.49	23.22	23.44	1542900
20130904	22.85	23.32	22.76	23.17	2623000
20130903	22.83	23.03	22.65	22.79	1972700
20130830	22.54	22.70	22.30	22.58	1856500
20130829	22.19	22.66	22.03	22.55	2655600
20130828	22.36	22.59	22.22	22.27	2394100
20130827	22.61	22.61	22.36	22.43	2781500
20130826	22.67	23.00	22.66	22.78	2151400
20130823	22.57	22.86	22.43	22.69	2457900
20130822	22.39	22.55	22.38	22.49	1396200
20130821	22.30	22.57	22.17	22.39	2623800
20130820	22.07	22.43	21.95	22.37	1900300
20130819	22.01	22.25	21.98	22.00	2084800
20130816	22.43	22.49	22.06	22.09	2611700
20130815	22.86	22.92	22.37	22.40	2355800
20130814	23.15	23.26	22.90	23.08	1360100
20130813	23.52	23.76	23.11	23.30	1569800
20130812	23.43	23.64	23.24	23.52	1614800
20130809	23.08	23.66	23.05	23.57	2135000
20130808	23.51	23.59	23.11	23.18	2192700
20130807	23.91	23.99	23.41	23.42	2267200
20130806	23.29	24.16	23.00	23.92	5889400
20130805	24.85	25.24	24.81	25.22	1788100
20130802	25.01	25.16	24.71	24.80	1886400
20130801	24.67	25.25	24.55	25.06	2036500
20130731	24.69	24.69	24.37	24.46	1599300
20130730	24.47	24.75	24.29	24.58	1147700
20130729	24.43	24.64	24.26	24.48	705400
20130726	24.41	24.61	24.22	24.58	683500
20130725	24.27	24.58	24.24	24.46	1569100
20130724	24.69	24.75	24.29	24.33	1106400
20130723	24.45	24.60	24.27	24.54	1131600
20130722	24.51	24.58	24.28	24.33	1480900
20130719	24.28	24.62	24.27	24.37	1195600
20130718	24.50	24.67	24.42	24.45	1800000
20130717	24.38	24.56	24.34	24.48	1156200
20130716	24.37	24.52	24.22	24.49	1109700
20130715	24.45	24.61	24.34	24.40	1189700
20130712	24.34	24.73	24.34	24.50	2891500
20130711	24.19	24.40	24.08	24.29	1577700
20130710	23.53	24.08	23.50	24.02	1561700
20130709	23.55	23.73	23.42	23.53	1001300
20130708	23.58	23.77	23.35	23.53	910100
20130705	23.40	23.50	23.19	23.50	684600
20130703	23.05	23.43	23.00	23.29	535400
20130702	23.33	23.50	23.16	23.28	913500
20130701	23.08	23.47	23.01	23.33	1314800
20130628	22.67	23.25	22.67	23.01	4100100
20130627	22.47	23.02	22.43	22.81	2141300
20130626	22.34	22.57	22.29	22.42	1480200
20130625	22.07	22.23	21.92	22.15	1972300
20130624	22.04	22.09	21.73	21.91	2005000
20130621	22.21	22.48	22.07	22.10	4876900
20130620	22.56	22.56	22.05	22.18	2148600
20130619	23.06	23.17	22.82	22.82	1300400
20130618	22.58	23.09	22.55	23.01	1367900
20130617	22.75	22.90	22.58	22.61	2091500
20130614	22.42	22.63	22.29	22.43	1354000
20130613	22.24	22.62	22.05	22.45	2219400
20130612	22.64	22.71	22.14	22.20	1862200
20130611	22.63	22.83	22.50	22.62	1420900
20130610	22.86	23.12	22.74	22.93	1107700
20130607	22.70	22.89	22.58	22.85	1873400
20130606	22.51	22.72	22.46	22.65	2032700
20130605	22.95	22.95	22.37	22.47	1715200
20130604	22.93	23.14	22.68	23.00	2111400
20130603	22.53	22.99	22.47	22.96	3338300
20130531	22.66	22.80	22.40	22.45	4235400
20130530	22.69	23.00	22.66	22.66	1539100
20130529	23.10	23.20	22.58	22.74	2212700
20130528	23.32	23.39	22.89	23.19	2028700
20130524	22.84	23.01	22.67	22.97	854200
20130523	22.79	23.00	22.59	22.97	1739600
20130522	23.07	23.43	22.82	22.90	1606500
20130521	23.04	23.35	22.99	23.19	1942200
20130520	23.21	23.38	22.94	22.97	2371600
20130517	23.42	23.48	23.23	23.35	1394200
20130516	23.40	23.55	23.24	23.26	2231800
20130515	23.40	23.50	23.22	23.35	2267100
20130514	22.77	23.44	22.77	23.37	1794800
20130513	23.30	23.30	23.07	23.22	1755400
20130510	23.09	23.36	22.96	23.29	2299700
20130509	23.01	24.31	22.90	23.03	3152500
20130508	21.75	22.96	21.70	22.80	3934300
20130507	21.83	21.90	21.68	21.77	1785200
20130506	21.41	21.76	21.39	21.69	1767100
20130503	21.58	21.75	20.74	21.40	1837600
20130502	21.47	21.62	21.19	21.34	3098000
20130501	21.23	21.57	21.19	21.38	3248100
20130430	20.90	21.31	20.82	21.29	3056900
20130429	20.80	21.13	20.79	20.98	2462500
20130426	20.63	20.85	20.62	20.80	2169000
20130425	20.48	20.69	20.48	20.65	2261300
20130424	20.49	20.62	20.24	20.36	4372400
20130423	20.30	20.49	20.13	20.40	2658400
20130422	20.10	20.22	19.86	20.18	1747900
20130419	19.96	20.16	19.79	20.06	2687800
20130418	20.42	20.42	19.95	20.00	3018600
20130417	20.55	20.62	20.28	20.34	3185100
20130416	20.74	20.91	20.58	20.75	2851700
20130415	21.20	21.24	20.46	20.65	3435700
20130412	21.33	21.34	21.10	21.30	1790500
20130411	21.23	21.36	21.15	21.24	2889700
20130410	21.06	21.32	20.89	21.17	3202300
20130409	21.11	21.25	20.96	20.99	3072800
20130408	20.75	21.16	20.75	21.16	2018800
20130405	20.58	20.90	20.31	20.80	2165900
20130404	20.62	20.93	20.50	20.87	2754000
20130403	20.90	20.94	20.25	20.64	6072500
20130402	21.19	21.44	20.80	20.85	2897600
20130401	21.42	21.61	20.93	21.04	3201900
20130328	21.51	21.66	21.32	21.37	3188200
20130327	21.52	21.62	21.32	21.47	3297100
20130326	21.97	22.00	21.69	21.70	2815800
20130325	21.85	21.97	21.54	21.78	3087000
20130322	21.59	21.96	21.56	21.84	2232800
20130321	21.31	21.70	21.26	21.48	2220600
20130320	21.48	21.65	21.36	21.44	2184100
20130319	21.32	21.52	21.06	21.32	2171900
20130318	21.34	21.54	21.26	21.29	2109100
20130315	21.65	21.74	21.52	21.59	2916200
20130314	21.72	21.86	21.64	21.66	2760700
20130313	21.62	21.80	21.56	21.70	1873200
20130312	21.62	21.80	21.48	21.67	3287500
20130311	21.54	21.75	21.47	21.64	1746800
20130308	21.62	21.70	21.47	21.61	1282100
20130307	21.29	21.54	21.23	21.49	2549500
20130306	21.31	21.50	21.10	21.14	2328700
20130305	21.22	21.49	21.12	21.35	2967600
20130304	20.80	21.12	20.60	21.08	2146200
20130301	20.81	21.01	20.56	20.82	3212200
20130228	20.60	20.98	20.41	20.89	5203700
20130227	20.53	20.94	20.49	20.55	5466400
20130226	20.96	22.11	20.23	20.57	6878600
20130225	21.42	21.55	20.97	20.98	6004300
20130222	20.87	21.37	20.80	21.33	2626100
20130221	21.50	21.57	20.74	20.82	4770100
20130220	21.79	21.88	21.47	21.49	2574200
20130219	21.65	21.88	21.51	21.70	2978000
20130215	22.00	22.05	21.49	21.58	2954500
20130214	21.49	21.96	21.45	21.92	3006200
20130213	21.85	21.85	21.52	21.62	3425100
20130212	21.30	21.58	21.24	21.35	3179400
20130211	21.49	21.72	21.26	21.29	2365400
20130208	21.23	21.68	21.18	21.50	2819200
20130207	21.24	21.24	20.82	21.11	2526500
20130206	21.10	21.25	21.01	21.17	1804800
20130205	20.88	21.24	20.83	21.15	2953300
20130204	21.20	21.23	20.78	20.85	2785100
20130201	21.32	21.48	21.25	21.34	3582600
20130131	21.23	21.38	21.11	21.26	3494100
20130130	21.22	21.57	21.19	21.21	3172900
20130129	21.13	21.36	21.02	21.28	4605400
20130128	21.08	21.25	20.99	21.13	2140000
20130125	21.00	21.27	20.88	21.01	3009500
20130124	20.85	21.26	20.85	21.00	4214700
20130123	21.00	21.04	20.83	20.88	2133500
20130122	20.96	21.05	20.92	20.98	1562000
20130118	20.97	21.15	20.89	20.98	2711300
20130117	21.08	21.32	21.05	21.08	2623500
20130116	21.00	21.15	20.82	20.96	3664800
20130115	20.86	21.06	20.86	21.03	2472300
20130114	21.07	21.23	20.96	21.05	1790400
20130111	20.96	21.10	20.86	21.05	1520900
20130110	20.92	20.98	20.73	20.93	2666800
20130109	20.59	20.93	20.59	20.82	2940900
20130108	20.53	20.67	20.49	20.58	2184500
20130107	20.40	20.59	20.29	20.58	2706600
20130104	20.40	20.55	20.36	20.51	2090000
20130103	20.29	20.62	20.26	20.39	2733500
20130102	20.07	20.49	19.93	20.30	4397000
20121231	19.19	19.75	18.99	19.68	5547000
20121228	19.01	19.26	18.87	19.08	1848700
20121227	19.17	19.32	18.89	19.09	3475300
20121226	19.57	19.64	19.15	19.16	2450000
20121224	19.42	19.70	19.41	19.53	1040200
20121221	19.33	19.77	19.13	19.51	5214800
20121220	19.68	19.75	19.58	19.65	3797200
20121219	19.72	19.83	19.60	19.61	5166000
20121218	19.31	19.79	19.25	19.66	4904500
20121217	19.09	19.34	19.08	19.34	4884900
20121214	19.21	19.30	19.08	19.12	3155900
20121213	19.26	19.65	19.20	19.28	6356200
20121212	18.99	19.47	18.83	19.25	10685500
20121211	19.18	19.28	18.87	18.95	7865500
20121210	19.15	19.24	19.04	19.14	5366200
20121207	19.29	19.38	18.98	19.15	27782600
20121206	19.30	19.38	19.10	19.28	6745900
20121205	19.28	19.35	19.05	19.25	2686200
20121204	19.09	19.38	19.04	19.26	4046100
20121203	19.35	19.42	19.04	19.05	3933600
20121130	19.28	19.48	19.16	19.30	9883300
20121129	19.32	19.48	19.15	19.21	3905300
20121128	19.11	19.49	18.95	19.30	2325800
20121127	19.16	19.43	19.11	19.23	3909200
20121126	19.17	19.25	19.04	19.22	1850400
20121123	19.28	19.36	19.08	19.22	1134200
20121121	18.96	19.10	18.88	19.04	2570200
20121120	19.23	19.55	18.74	18.89	6461600
20121119	19.35	19.50	19.17	19.21	2458400
20121116	18.93	19.32	18.81	19.11	3618500
20121115	19.04	19.11	18.69	18.92	3666100
20121114	19.67	19.71	18.99	19.08	2537400
20121113	19.63	19.85	19.55	19.64	2990600
20121112	20.02	20.03	19.72	19.73	3145200
20121109	19.74	20.13	19.66	19.98	3546500
20121108	20.09	20.32	19.82	19.83	2848300
20121107	20.27	20.55	19.84	20.04	3527700
20121106	20.95	20.95	20.29	20.49	3957400
20121105	20.56	20.56	20.13	20.46	2751300
20121102	20.65	20.94	20.54	20.58	2868400
20121101	20.15	20.68	20.08	20.55	3402300
20121031	20.01	20.15	19.85	20.00	3867100
20121026	19.10	20.11	19.10	20.02	1919900
20121025	20.25	20.31	19.78	19.95	4014900
20121024	20.45	20.45	20.10	20.10	6737500
20121023	19.97	20.27	19.78	20.27	5790100
20121022	20.11	20.33	20.06	20.25	3298700
20121019	20.22	20.39	19.88	20.03	4178800
20121018	20.30	20.42	20.11	20.17	5817100
20121017	20.15	20.46	20.11	20.29	3327700
20121016	19.81	20.45	19.74	20.28	10089100
20121015	19.52	19.78	19.39	19.74	2903100
20121012	19.22	19.57	19.22	19.48	6227100
20121011	19.04	19.34	18.93	19.30	4357100
20121010	18.81	19.16	18.74	18.95	3592300
20121009	18.69	18.92	18.55	18.75	2853300
20121008	18.76	18.82	18.66	18.77	1475400
20121005	19.10	19.24	18.77	18.86	2265100
20121004	18.79	19.06	18.79	18.99	2271800
20121003	18.65	18.91	18.47	18.81	2282400
20121002	18.72	18.78	18.26	18.72	2180500
20121001	18.42	18.74	18.38	18.48	2717800
20120928	18.39	18.62	18.33	18.50	2259800
20120927	18.21	18.56	18.15	18.45	2034500
20120926	18.07	18.26	17.97	18.26	2502100
20120925	18.55	18.55	18.11	18.15	3059100
20120924	18.21	18.49	18.20	18.37	2003400
20120921	18.52	18.84	18.24	18.25	5632300
20120920	18.46	18.69	18.00	18.52	2207900
20120919	18.52	18.76	17.04	18.60	1656100
20120918	18.77	18.87	18.47	18.54	2729600
20120917	19.20	19.25	18.75	18.79	1950600
20120914	18.79	19.26	18.76	19.26	3752100
20120913	18.63	18.83	18.50	18.76	3468200
20120912	18.87	18.95	18.54	18.66	2768700
20120911	18.83	18.91	18.69	18.75	3137700
20120910	19.31	19.31	18.86	18.89	3679500
20120907	19.28	19.46	19.21	19.29	3581500
20120906	18.80	19.27	18.75	19.27	3606400
20120905	18.44	18.78	18.41	18.66	3215200
20120904	18.18	18.59	18.15	18.56	2619900
20120831	18.18	18.40	18.08	18.24	2802700
20120830	18.12	18.26	18.05	18.10	1562900
20120829	18.15	18.27	18.10	18.12	2121300
20120828	18.06	18.27	18.04	18.10	1835000
20120827	18.20	18.25	18.06	18.09	1587700
20120824	18.02	18.21	17.86	18.18	2774600
20120823	18.16	18.20	17.89	18.00	4213900
20120822	17.91	18.21	17.91	18.11	3327300
20120821	17.93	18.12	17.85	17.88	4629300
20120820	18.00	18.14	17.84	17.89	4489600
20120817	17.78	18.09	17.60	18.08	4686600
20120816	18.05	18.09	17.85	17.89	3803200
20120815	17.66	18.11	17.49	18.08	4581500
20120814	17.56	17.83	17.48	17.72	4180000
20120813	17.41	17.52	17.21	17.51	4378100
20120810	17.82	17.85	17.13	17.52	10462400
20120809	19.33	19.40	18.78	18.85	15520000
20120808	19.59	19.66	19.12	19.25	8022900
20120807	19.25	19.63	19.22	19.56	6196100
20120806	19.20	19.38	19.06	19.26	5102700
20120803	19.15	19.19	18.96	19.10	7386200
20120802	18.67	19.01	18.45	18.74	6741500
20120801	18.90	18.96	18.69	18.86	5010400
20120731	18.86	18.97	18.73	18.73	3304800
20120730	18.98	19.10	18.80	18.95	3588000
20120727	18.92	19.04	18.69	18.92	9680400
20120726	18.53	18.77	18.26	18.71	6009600
20120725	18.32	18.47	18.09	18.25	4573500
20120724	18.21	18.43	18.13	18.40	5074200
20120723	18.07	18.28	17.95	18.24	4024700
20120720	18.50	18.55	18.35	18.37	3198700
20120719	18.40	18.62	18.36	18.53	3792400
20120718	18.06	18.44	18.02	18.39	5868800
20120717	17.90	18.12	17.60	18.08	2904600
20120716	17.92	18.09	17.74	17.79	4047900
20120713	17.48	17.96	17.45	17.91	6190700
20120712	17.55	17.67	17.42	17.50	4451100
20120711	17.58	17.76	17.49	17.71	4336200
20120710	17.88	17.97	17.50	17.60	2828100
20120709	17.79	17.79	17.50	17.75	3428700
20120706	18.15	18.15	17.66	17.74	3555000
20120705	17.93	18.17	17.88	18.13	3856100
20120703	17.81	17.93	17.76	17.93	1940500
20120702	17.85	17.96	17.65	17.84	3356600
20120629	17.50	17.83	17.48	17.78	4910200
20120628	17.14	17.25	16.96	17.22	3497000
20120627	17.18	17.48	17.07	17.23	4626200
20120626	16.77	17.18	16.75	17.13	7561100
20120625	16.60	16.91	16.60	16.79	4822700
20120622	16.97	16.97	16.53	16.83	6570500
20120621	17.02	17.11	16.64	16.67	4963300
20120620	16.77	17.22	16.72	17.06	6636300
20120619	16.40	16.78	16.36	16.69	7806400
20120618	16.38	16.51	16.23	16.29	8773300
20120615	16.40	16.53	16.29	16.37	10355200
20120614	16.47	16.59	16.28	16.41	4204500
20120613	16.69	16.82	16.38	16.45	4216400
20120612	16.44	16.75	16.36	16.69	5520300
20120611	16.79	16.90	16.26	16.30	4501400
20120608	16.67	16.79	16.60	16.69	3416300
20120607	16.96	17.07	16.65	16.71	4394100
20120606	16.65	17.03	16.65	16.74	5702500
20120605	16.06	16.74	16.00	16.59	6346100
20120604	16.31	16.48	15.93	16.18	4679800
20120601	16.46	16.55	16.19	16.23	8819900
20120531	16.99	17.05	16.68	16.76	8770000
20120530	17.23	17.23	16.94	16.95	6019700
20120529	17.43	17.57	17.13	17.36	4673800
20120525	17.19	17.34	17.12	17.24	2285100
20120524	17.29	17.30	16.96	17.11	5897100
20120523	17.16	17.35	16.98	17.22	5085500
20120522	17.48	17.55	17.22	17.31	4796300
20120521	17.09	17.53	16.99	17.47	4829600
20120518	17.16	17.49	16.97	17.06	6460300
20120517	17.88	17.92	16.97	17.11	8832600
20120516	18.10	18.30	17.81	17.89	3571900
20120515	18.30	18.30	17.87	18.06	2182300
20120514	18.24	18.30	17.86	17.92	2924900
20120511	18.23	18.50	18.21	18.34	2694200
20120510	18.34	18.45	18.18	18.25	2771600
20120509	18.21	18.55	18.09	18.32	3144300
20120508	18.26	18.61	18.00	18.33	3933400
20120507	18.27	18.47	18.23	18.41	2978300
20120504	18.55	18.61	18.23	18.40	6229700
20120503	19.20	19.20	18.63	18.72	3095000
20120502	18.61	19.22	18.43	19.12	4450700
20120501	18.90	19.02	18.65	18.67	3619500
20120430	18.82	18.96	18.74	18.83	2349000
20120427	18.85	19.03	18.82	18.87	3719800
20120426	18.56	18.90	18.45	18.79	3039600
20120425	18.56	18.77	18.46	18.58	2724600
20120424	18.44	18.56	18.30	18.46	2558500
20120423	18.43	18.43	18.14	18.38	2872300
20120420	18.59	18.73	18.48	18.52	2395300
20120419	18.84	19.05	18.41	18.43	5552200
20120418	18.72	19.00	18.49	18.89	2350800
20120417	18.52	18.81	18.51	18.74	4895900
20120416	18.79	18.84	18.37	18.39	4989900
20120413	18.79	18.91	18.63	18.76	2465200
20120412	18.52	18.87	18.48	18.81	3473300
20120411	18.54	18.64	18.40	18.51	2481400
20120410	18.90	18.92	18.29	18.31	3605500
20120409	18.92	18.97	18.79	18.86	2182500
20120405	18.94	19.19	18.94	19.10	1945700
20120404	18.96	19.05	18.82	18.99	2061000
20120403	19.16	19.27	19.00	19.07	3292700
20120402	19.15	19.25	19.05	19.17	2912500
20120330	19.39	19.40	19.09	19.09	3946700
20120329	19.10	19.29	19.05	19.26	4150300
20120328	19.56	19.57	19.03	19.17	3584600
20120327	19.62	19.80	19.52	19.63	2681800
20120326	19.31	19.67	19.19	19.64	4522500
20120323	19.27	19.29	18.90	19.15	3021800
20120322	19.18	19.30	19.01	19.23	2167900
20120321	19.30	19.43	19.27	19.28	2056100
20120320	19.41	19.46	19.08	19.34	3571000
20120319	19.51	19.60	19.42	19.50	2953600
20120316	19.17	19.61	19.14	19.59	9348400
20120315	18.98	19.25	18.80	19.17	3170300
20120314	19.02	19.11	18.91	18.98	1869400
20120313	18.82	19.12	18.61	19.11	3121500
20120312	18.61	18.86	18.61	18.75	2581600
20120309	18.84	18.90	18.64	18.68	3456500
20120308	18.76	18.91	18.62	18.82	3367500
20120307	18.63	18.82	18.54	18.70	6048700
20120306	18.48	18.63	18.29	18.58	5436500
20120305	18.60	18.71	18.50	18.61	2386600
20120302	18.76	18.92	18.50	18.63	3191900
20120301	18.82	18.91	18.60	18.80	5408900
20120229	18.58	18.93	18.54	18.76	5287300
20120228	18.75	18.89	18.61	18.63	6868400
20120227	18.34	18.82	18.17	18.70	4701000
20120224	18.44	18.64	18.29	18.39	4610200
20120223	18.64	19.07	18.34	18.39	18980900
20120222	18.13	18.17	17.87	17.97	2248100
20120221	18.12	18.24	17.88	18.07	3126800
20120217	18.29	18.40	18.02	18.03	3786000
20120216	18.23	18.40	18.14	18.23	6546400
20120215	18.33	18.38	18.08	18.18	3430700
20120214	18.24	18.34	18.12	18.26	2104900
20120213	18.27	18.58	18.17	18.35	2388900
20120210	18.12	18.22	18.00	18.16	2223300
20120209	18.24	18.31	18.07	18.23	4639800
20120208	18.24	18.29	18.15	18.24	4534100
20120207	18.13	18.42	18.06	18.28	3441900
20120206	18.11	18.21	17.98	18.17	3100200
20120203	18.00	18.32	17.84	18.14	4635800
20120202	17.38	17.52	17.26	17.50	3498300
20120201	17.33	17.51	17.19	17.38	4615100
20120131	17.32	17.42	16.96	17.12	3017000
20120130	16.97	17.28	16.86	17.25	3156000
20120127	16.85	17.20	16.80	17.12	3813500
20120126	16.75	17.10	16.69	16.92	3202700
20120125	16.57	16.73	16.44	16.65	5049600
20120124	16.72	16.80	16.48	16.60	5210400
20120123	16.84	17.02	16.58	16.75	3664600
20120120	17.16	17.20	16.73	16.86	3985500
20120119	17.24	17.35	17.03	17.16	3538800
20120118	17.26	17.38	16.97	17.25	3348600
20120117	17.16	17.50	16.99	17.15	4223100
20120113	17.00	17.09	16.78	17.06	1828400
20120112	17.11	17.14	16.86	17.05	2503100
20120111	16.94	17.35	16.88	17.06	2889800
20120110	16.91	17.06	16.71	16.92	5003100
20120109	16.85	16.92	16.52	16.69	3559600
20120106	17.04	17.11	16.81	16.85	2558700
20120105	16.57	17.07	16.36	17.02	4247900
20120104	16.55	16.74	16.36	16.53	3978600
20120103	16.54	16.71	16.43	16.52	4541500
20111230	16.31	16.46	16.17	16.22	1997800
20111229	16.18	16.34	16.12	16.25	2135100
20111228	16.31	16.39	16.02	16.15	2498600
20111227	16.35	16.49	16.30	16.38	2526900
20111223	16.45	16.55	16.32	16.40	1835100
20111222	16.29	16.54	16.23	16.37	4582400
20111221	15.89	16.33	15.84	16.29	3851100
20111220	15.51	16.06	15.49	16.00	5786400
20111219	15.53	15.66	15.19	15.25	2296800
20111216	15.29	15.80	15.27	15.43	6336000
20111215	15.39	15.66	15.29	15.31	2992400
20111214	15.51	15.56	15.13	15.29	3192200
20111213	15.95	16.12	15.43	15.58	3046100
20111212	15.88	15.90	15.62	15.82	2078400
20111209	15.71	16.16	15.66	16.01	2112500
20111208	15.89	16.03	15.61	15.66	2893200
20111207	16.08	16.09	15.72	16.04	3076700
20111206	16.19	16.22	15.97	16.10	2021800
20111205	16.09	16.26	16.05	16.13	4602600
20111202	16.14	16.20	15.82	15.87	3528200
20111201	16.33	16.50	15.96	16.03	4918900
20111130	16.09	16.30	16.09	16.26	5579500
20111129	15.62	15.97	15.42	15.82	4229700
20111128	15.51	15.80	15.01	15.61	4005500
20111125	15.05	15.49	15.05	15.16	1620200
20111123	15.31	15.42	15.06	15.21	3628800
20111122	15.49	15.68	15.31	15.40	4027800
20111121	15.69	15.80	15.39	15.56	4431300
20111118	15.83	16.23	15.83	15.93	5287500
20111117	15.77	16.36	15.75	15.94	10486800
20111116	15.85	16.01	15.43	15.52	3533500
20111115	15.80	16.07	15.68	15.93	3109100
20111114	15.78	15.96	15.72	15.84	2584500
20111111	15.33	15.95	15.19	15.84	3440600
20111110	15.73	15.77	15.10	15.16	5065700
20111109	16.00	16.21	15.43	15.56	6428100
20111108	16.63	16.67	15.74	16.30	6204200
20111107	16.52	16.65	16.18	16.55	3200900
20111104	16.21	16.53	16.13	16.49	2960100
20111103	16.17	16.42	15.86	16.27	3039900
20111102	15.96	16.27	15.96	16.05	2379800
20111101	14.54	16.39	14.54	15.84	5224900
20111031	16.53	16.90	16.31	16.43	5235000
20111028	16.43	16.75	16.25	16.66	4515000
20111027	16.55	16.69	16.19	16.47	4703000
20111026	15.92	16.20	15.55	16.11	6165100
20111025	15.69	15.94	15.33	15.76	4916800
20111024	15.34	15.73	15.31	15.66	2593900
20111021	15.29	15.47	15.11	15.25	2910600
20111020	15.05	15.13	14.58	15.03	6504200
20111019	15.32	15.51	15.08	15.12	5265200
20111018	15.37	15.45	15.05	15.36	4376500
20111017	15.47	15.68	15.27	15.32	2904200
20111014	15.70	15.70	15.24	15.59	4644400
20111013	15.48	15.74	15.32	15.52	4071800
20111012	15.67	15.76	15.29	15.45	7232900
20111011	15.49	15.64	15.21	15.48	3410200
20111010	15.13	15.51	15.13	15.51	3529200
20111007	15.22	15.37	14.83	14.87	4450000
20111006	14.82	15.62	14.80	15.20	6602800
20111005	14.02	14.78	13.85	14.70	8541100
20111004	14.00	14.12	13.38	13.97	8931300
20111003	14.75	15.16	13.97	14.17	7559100
20110930	15.10	15.19	14.74	14.76	4604900
20110929	16.00	16.04	14.98	15.34	5363900
20110928	16.17	16.34	15.65	15.71	6069900
20110927	16.21	16.35	15.91	16.02	7466600
20110926	16.10	16.15	15.62	15.97	5376800
20110923	16.00	16.47	15.83	15.98	7888800
20110922	16.69	16.69	15.88	16.13	10326600
20110921	15.50	17.50	15.32	16.77	12633200
20110920	16.09	16.09	15.37	15.51	5771000
20110919	16.01	16.19	15.69	16.02	3755800
20110916	16.19	16.46	16.14	16.28	3786800
20110915	16.04	16.23	15.77	16.11	4828700
20110914	16.12	16.53	15.62	15.87	8198000
20110913	15.97	16.09	15.77	16.01	3364100
20110912	15.39	15.90	15.39	15.88	3295000
20110909	15.65	15.87	15.44	15.59	4234200
20110908	15.50	16.02	15.35	15.80	4217000
20110907	15.16	15.63	14.97	15.53	5758500
20110906	15.13	15.17	14.75	14.97	6310900
20110902	15.63	15.63	15.23	15.55	3177600
20110901	15.93	16.24	15.53	15.81	4367700
20110831	15.94	16.01	15.65	15.82	4140900
20110830	15.61	16.02	15.52	15.85	4273500
20110829	15.42	15.77	15.36	15.64	3412000
20110826	14.52	15.27	14.40	15.21	5377600
20110825	15.03	15.17	14.49	14.56	3484800
20110824	14.56	15.00	14.44	14.94	4242900
20110823	14.04	14.60	13.84	14.56	3730200
20110822	14.11	14.28	13.70	13.92	3476900
20110819	13.78	14.21	13.66	13.74	4322500
20110818	14.21	15.27	13.76	13.97	6028800
20110817	15.02	15.26	14.48	14.64	4838100
20110816	15.09	15.13	14.72	14.97	3365900
20110815	15.14	15.22	14.80	15.19	3279200
20110812	14.69	15.09	14.31	15.06	4485300
20110811	13.99	14.76	13.86	14.62	8636500
20110810	14.13	14.45	13.62	13.97	8747500
20110809	12.74	14.58	12.68	14.49	12523400
20110808	13.47	13.81	12.44	12.68	12144800
20110805	14.40	14.61	13.43	13.91	11597800
20110804	15.37	15.39	14.18	14.31	11826500
20110803	15.23	15.68	14.87	15.57	12745400
20110802	16.09	16.22	15.04	15.09	9763400
20110801	16.54	16.65	16.08	16.27	5207100
20110729	16.00	16.52	15.75	16.40	5499800
20110728	16.32	16.66	16.03	16.10	4371600
20110727	16.71	16.80	16.31	16.34	4346000
20110726	16.89	16.92	16.70	16.81	1574000
20110725	16.80	17.01	16.73	16.84	2533200
20110722	16.81	17.03	16.65	16.97	2441600
20110721	16.51	17.00	16.48	16.80	4305300
20110720	16.49	16.64	16.32	16.42	2406500
20110719	16.57	16.82	16.45	16.50	5630700
20110718	17.03	17.21	16.39	16.44	4850400
20110715	17.28	17.37	17.02	17.15	3041200
20110714	17.61	17.84	17.13	17.23	3970400
20110713	17.65	17.79	17.45	17.58	3056100
20110712	17.53	17.67	17.42	17.53	3713600
20110711	17.55	17.62	17.27	17.49	4132100
20110708	17.52	17.76	17.31	17.74	3161000
20110707	17.47	17.91	17.35	17.69	5102000
20110706	17.28	17.43	17.09	17.40	4725800
20110705	17.16	17.31	16.94	17.28	3425400
20110701	16.78	17.24	16.70	17.19	3349900
20110630	16.58	16.81	16.31	16.77	3146500
20110629	16.33	16.72	16.27	16.47	3076700
20110628	16.01	16.37	16.01	16.29	3514500
20110627	15.93	16.22	15.81	15.99	5312600
20110624	16.25	16.29	15.94	15.97	3734900
20110623	15.97	16.34	15.85	16.31	6035800
20110622	15.81	16.59	15.79	16.22	10481200
20110621	15.51	16.00	15.37	15.92	7850700
20110620	15.40	15.71	15.19	15.51	8365100
20110617	16.20	16.28	15.72	15.76	6393600
20110616	16.20	16.40	15.87	15.97	4895300
20110615	16.60	16.72	16.17	16.21	5806400
20110614	16.92	17.00	16.55	16.74	7620400
20110613	16.88	16.97	16.71	16.81	3980500
20110610	17.19	17.19	16.82	16.87	4657100
20110609	17.32	17.49	17.19	17.20	3433500
20110608	17.49	17.62	17.18	17.30	4663600
20110607	17.61	17.75	17.36	17.54	4206100
20110606	17.68	17.74	17.46	17.57	5341400
20110603	17.89	17.96	17.67	17.72	6021600
20110602	17.97	18.23	17.90	18.09	4423500
20110601	18.19	18.34	17.88	17.94	3504500
20110531	18.11	18.41	18.04	18.21	4238400
20110527	17.54	18.14	17.51	18.05	7124500
20110526	17.22	17.69	17.11	17.62	4716000
20110525	17.29	17.42	17.06	17.29	5782600
20110524	17.49	17.67	17.15	17.21	4800000
20110523	17.51	17.62	17.32	17.52	3994000
20110520	17.85	17.97	17.55	17.71	3757500
20110519	17.71	18.02	17.65	17.97	4050800
20110518	17.38	17.67	17.30	17.59	5070400
20110517	17.50	17.56	17.30	17.42	2919600
20110516	17.78	17.87	17.40	17.54	3999800
20110513	18.09	18.11	17.67	17.93	4801900
20110512	18.12	18.23	17.84	18.10	3753500
20110511	18.40	18.48	17.92	18.09	4109500
20110510	18.40	18.65	18.38	18.50	2607900
20110509	18.35	18.54	18.25	18.40	3802500
20110506	17.67	18.51	17.55	18.34	6046200
20110505	17.70	17.85	17.30	17.53	3879900
20110504	17.73	17.84	17.54	17.74	3338600
20110503	17.69	17.99	17.65	17.80	3660800
20110502	17.71	18.18	17.70	17.76	6914500
20110429	16.77	18.17	16.70	17.48	16268200
20110428	16.68	16.87	16.49	16.79	3900000
20110427	16.54	16.72	16.37	16.66	3316800
20110426	16.52	16.65	16.47	16.55	2500000
20110425	16.54	16.63	16.48	16.51	1974800
20110421	16.45	16.66	16.29	16.49	2522500
20110420	16.38	16.60	16.38	16.46	2695200
20110419	16.19	16.24	16.04	16.15	2630600
20110418	16.45	16.53	16.10	16.17	5012700
20110415	16.54	16.77	16.35	16.70	2861000
20110414	16.44	16.57	16.35	16.51	1595300
20110413	16.70	16.80	16.45	16.59	2459500
20110412	16.63	16.82	16.57	16.67	2341600
20110411	16.83	17.05	16.69	16.81	2612900
20110408	16.90	17.29	16.77	16.85	4303700
20110407	16.63	16.89	16.48	16.73	3390900
20110406	16.74	16.87	16.64	16.66	2756000
20110405	16.16	16.68	16.16	16.64	4347800
20110404	16.37	16.43	16.17	16.26	1949400
20110401	16.13	16.40	16.09	16.28	5242000
20110331	16.20	16.25	15.95	16.04	3873800
20110330	15.97	16.25	15.90	16.18	4698200
20110329	15.76	15.94	15.67	15.89	8078500
20110328	15.93	16.05	15.78	15.78	4807200
20110325	15.76	15.88	15.63	15.65	4092700
20110324	15.78	15.84	15.54	15.69	4988000
20110323	15.56	15.86	15.35	15.68	2877900
20110322	15.70	15.85	15.54	15.62	2276200
20110321	15.80	16.00	15.61	15.77	2489400
20110318	15.66	15.74	15.50	15.59	4352900
20110317	15.51	15.62	15.18	15.55	4314800
20110316	15.46	15.59	14.77	15.35	10296400
20110315	15.51	15.72	15.34	15.58	5794400
20110314	16.15	16.24	15.78	16.02	5551100
20110311	16.12	16.39	16.08	16.34	3176900
20110310	16.22	16.41	16.13	16.27	3614100
20110309	16.18	16.54	16.12	16.48	3569800
20110308	16.07	16.57	16.01	16.28	4283600
20110307	16.33	16.70	15.96	16.04	5546000
20110304	16.27	16.34	16.07	16.21	4141300
20110303	16.11	16.41	15.99	16.34	4683500
20110302	15.97	16.20	15.93	16.01	3097300
20110301	16.09	16.43	15.75	16.00	4605400
20110228	16.71	16.75	15.90	16.06	11505200
20110225	16.60	16.90	16.56	16.83	4736700
20110224	16.59	16.80	16.38	16.54	3678400
20110223	16.82	17.00	16.44	16.54	3478300
20110222	17.20	17.38	16.70	16.84	3355100
20110218	17.40	17.49	17.13	17.41	1572700
20110217	17.24	17.47	17.20	17.44	1885100
20110216	17.06	17.44	16.94	17.33	3619900
20110215	16.91	17.07	16.80	17.03	2030500
20110214	16.65	17.05	16.65	16.97	3519200
20110211	16.56	16.68	16.41	16.66	1319200
20110210	16.55	16.70	16.43	16.63	1629100
20110209	16.37	16.79	16.32	16.64	2160100
20110208	16.35	16.50	16.22	16.45	941500
20110207	16.31	16.43	16.20	16.39	1425400
20110204	16.33	16.39	16.13	16.33	1434200
20110203	16.24	16.48	16.16	16.35	1256000
20110202	16.31	16.48	16.25	16.28	1541900
20110201	15.94	16.50	15.94	16.37	3035300
20110131	15.85	16.05	15.68	15.84	2109400
20110128	16.19	16.26	15.65	15.85	3117200
20110127	15.82	16.15	15.80	16.15	1576800
20110126	15.85	15.99	15.66	15.82	1606700
20110125	15.90	16.03	15.67	15.85	1398400
20110124	15.73	16.01	15.68	15.99	1457900
20110121	15.86	15.99	15.71	15.74	1595100
20110120	15.65	15.92	15.61	15.83	2114800
20110119	15.99	16.07	15.60	15.78	3140900
20110118	16.16	16.39	15.98	16.05	2095800
20110114	16.06	16.21	16.02	16.14	1188200
20110113	16.21	16.24	15.94	16.05	1988600
20110112	16.07	16.38	15.92	16.23	2370300
20110111	16.10	16.14	15.85	15.94	3806700
20110110	15.80	16.17	15.70	16.05	3184300
20110107	15.95	16.00	15.56	15.84	1501600
20110106	15.74	16.05	15.71	15.88	2600500
20110105	15.75	15.92	15.63	15.76	2530700
20110104	15.88	16.06	15.60	15.83	1986400
20110103	15.97	16.12	15.84	15.85	3645500
20101231	15.60	15.77	15.40	15.77	2035500
20101230	15.59	15.70	15.47	15.64	1046000
20101229	15.57	15.67	15.48	15.59	1236500
20101228	15.89	15.94	15.29	15.52	3274800
20101227	15.89	15.96	15.67	15.89	799000
20101223	15.95	16.03	15.84	15.93	820700
20101222	15.97	16.09	15.92	15.99	1420400
20101221	15.84	16.02	15.76	16.00	2158500
20101220	15.95	15.96	15.67	15.81	2471000
20101217	15.86	15.98	15.75	15.97	3227700
20101216	15.80	15.97	15.70	15.85	2476100
20101215	15.79	15.95	15.64	15.80	2452200
20101214	15.83	15.92	15.73	15.81	1941500
20101213	16.00	16.00	15.75	15.76	2157700
20101210	16.04	16.16	15.86	15.99	2840000
20101209	16.05	16.09	15.93	15.99	3724400
20101208	16.03	16.11	15.93	15.98	2906300
20101207	16.16	16.22	15.93	15.97	4340900
20101206	15.94	16.05	15.82	16.03	3997100
20101203	15.89	16.01	15.85	15.95	8147800
20101202	15.70	16.16	15.55	15.91	10512300
20101201	15.70	15.98	15.64	15.72	6507000
20101130	15.57	15.69	15.35	15.46	4095200
20101129	15.48	15.81	15.24	15.76	3661800
20101126	15.46	15.70	15.39	15.62	864300
20101124	15.39	15.77	15.39	15.66	5289500
20101123	15.50	15.50	15.11	15.26	5293800
20101122	15.44	15.81	15.33	15.66	3844100
20101119	15.42	15.58	15.22	15.56	2488100
20101118	15.53	15.66	15.42	15.45	4469300
20101117	15.05	15.46	14.82	15.36	4959300
20101116	15.14	15.37	14.92	15.09	3935000
20101115	15.40	15.69	15.27	15.32	3396200
20101112	15.30	15.43	14.98	15.24	4316200
20101111	15.21	15.50	15.16	15.47	4204200
20101110	15.35	15.67	15.35	15.50	4029900
20101109	15.45	15.52	15.19	15.34	3191200
20101108	15.17	15.54	15.10	15.39	3243400
20101105	15.03	15.69	14.97	15.28	4980500
20101104	14.93	15.06	14.55	15.01	5280800
20101103	14.73	14.82	14.41	14.79	2685500
20101102	14.49	14.80	14.46	14.77	2182900
20101101	14.84	15.00	14.27	14.43	3092300
20101029	14.54	14.78	14.37	14.76	1963300
20101028	14.65	14.74	14.40	14.56	1590600
20101027	14.52	14.74	14.46	14.56	2224800
20101026	13.91	14.84	13.89	14.78	2263000
20101025	14.80	14.85	14.46	14.47	2609900
20101022	14.53	14.66	14.33	14.63	1476300
20101021	14.45	14.78	14.22	14.52	2439200
20101020	14.06	14.69	14.00	14.44	4693400
20101019	14.09	14.24	13.77	14.01	4415100
20101018	14.45	14.45	14.15	14.21	1906500
20101015	14.18	14.50	14.07	14.50	3312800
20101014	14.25	14.40	14.00	14.12	2839500
20101013	14.40	14.50	14.19	14.24	2266000
20101012	14.28	14.37	13.97	14.34	3389200
20101011	14.07	14.34	13.87	14.30	3408100
20101008	13.98	14.18	13.80	14.14	2775000
20101007	14.16	14.20	13.81	13.94	3446600
20101006	14.05	14.16	13.91	14.10	4165700
20101005	14.07	14.26	13.95	14.16	5428300
20101004	14.21	14.27	13.73	13.93	4560800
20101001	13.92	14.29	13.63	14.21	8538800
20100930	13.98	14.00	13.58	13.71	7140900
20100929	13.66	13.89	13.48	13.84	3963700
20100928	13.39	13.84	13.15	13.79	5690500
20100927	13.21	13.30	13.10	13.25	2201300
20100924	12.95	13.42	12.92	13.31	3220500
20100923	12.57	13.00	12.56	12.77	2220400
20100922	12.97	13.06	12.55	12.69	2303300
20100921	12.80	12.93	12.65	12.77	2460300
20100920	12.66	13.04	12.58	12.82	4866000
20100917	12.47	12.69	12.40	12.60	4277200
20100916	12.59	12.71	12.36	12.43	3337200
20100915	12.32	12.63	12.08	12.60	5612800
20100914	12.15	12.53	12.05	12.46	5950000
20100913	11.95	12.26	11.93	12.22	3111300
20100910	11.71	11.95	11.63	11.87	3617600
20100909	11.62	11.75	11.54	11.66	3293100
20100908	11.30	11.53	11.28	11.52	3258300
20100907	11.73	11.73	11.19	11.26	2810500
20100903	11.57	11.79	11.44	11.79	2681000
20100902	11.18	11.49	11.10	11.49	3217000
20100901	10.70	11.30	10.67	11.28	4872300
20100831	10.53	10.70	10.31	10.55	2694000
20100830	10.80	10.84	10.54	10.59	3019000
20100827	10.40	10.84	10.24	10.77	4060400
20100826	10.33	10.48	10.25	10.36	2706300
20100825	10.17	10.37	10.10	10.31	1969000
20100824	10.38	10.38	10.16	10.25	3319700
20100823	10.58	10.76	10.37	10.46	2170800
20100820	10.64	10.85	10.31	10.50	1925400
20100819	10.42	10.82	10.42	10.64	3381200
20100818	10.59	10.95	10.55	10.80	1947800
20100817	10.75	10.97	10.69	10.78	2511700
20100816	10.69	10.80	10.48	10.69	3051100
20100813	10.73	10.86	10.47	10.71	4195500
20100812	10.82	10.97	10.74	10.80	3621900
20100811	11.44	11.44	10.98	11.01	5842500
20100810	11.81	11.93	11.64	11.66	5551100
20100809	12.15	12.32	11.73	12.04	8617300
20100806	11.17	11.61	11.17	11.49	5773200
20100805	11.35	11.55	11.28	11.42	2066900
20100804	11.12	11.66	11.12	11.47	4453900
20100803	11.03	11.53	10.99	11.08	5771500
20100802	11.48	11.62	11.33	11.40	4168200
20100730	11.14	11.45	11.09	11.32	4086700
20100729	11.55	11.72	11.22	11.27	4293000
20100728	11.67	11.84	11.49	11.53	2188300
20100727	11.96	12.02	11.66	11.68	2852600
20100726	11.70	11.96	11.62	11.95	3069900
20100723	11.45	11.73	11.23	11.72	3702000
20100722	11.20	11.61	11.14	11.53	2577800
20100721	11.42	11.50	11.04	11.09	4920200
20100720	11.05	11.44	10.93	11.39	3691700
20100719	11.03	11.26	10.91	11.20	3631700
20100716	11.30	11.30	10.92	11.04	7113400
20100715	11.45	11.49	11.09	11.23	3161300
20100714	11.43	11.46	11.11	11.34	3788800
20100713	11.29	11.47	11.12	11.42	4553500
20100712	10.95	11.10	10.88	11.08	5628000
20100709	10.54	10.98	10.49	10.96	5064500
20100708	10.57	10.65	10.35	10.49	5632000
20100707	10.35	10.57	10.24	10.50	6148500
20100706	10.41	10.70	10.22	10.35	4597100
20100702	10.50	10.50	10.12	10.23	4464400
20100701	10.41	10.60	10.08	10.49	7693200
20100630	10.69	10.87	10.45	10.50	8252500
20100629	11.23	11.27	10.57	10.71	7732000
20100628	11.86	11.93	11.37	11.39	6151800
20100625	11.78	11.98	11.63	11.78	6202700
20100624	11.85	11.96	11.54	11.75	5469400
20100623	12.44	12.57	12.00	12.06	5715600
20100622	12.65	12.95	12.36	12.41	9496000
20100621	12.96	13.40	12.41	12.56	10124500
20100618	13.20	13.33	12.20	12.35	13085500
20100617	13.00	13.59	13.00	13.42	6167900
20100616	13.17	13.34	12.99	13.00	5612000
20100615	13.00	13.36	12.94	13.29	6604300
20100614	13.06	13.44	12.93	12.95	3335600
20100611	12.65	13.01	12.58	12.99	2891300
20100610	12.40	12.84	12.31	12.84	3647100
20100609	12.36	12.77	12.19	12.25	4288200
20100608	12.48	12.69	12.01	12.26	4996000
20100607	12.84	13.03	12.35	12.40	8440300
20100604	13.12	13.24	12.65	12.81	6093500
20100603	13.06	13.52	12.98	13.46	6198000
20100602	12.55	13.06	12.43	13.04	4895000
20100601	12.92	13.15	12.46	12.47	5353500
20100528	13.43	13.43	12.73	12.97	6582500
20100527	12.92	13.49	12.81	13.49	6026100
20100526	12.35	12.84	12.19	12.65	7943200
20100525	12.05	12.42	11.83	12.36	6069500
20100524	12.60	12.68	12.33	12.36	6903800
20100521	12.14	12.88	11.96	12.67	7441400
20100520	12.63	12.77	12.16	12.29	7218600
20100519	12.93	13.25	12.57	12.89	4862800
20100518	13.10	13.29	12.84	12.93	6164600
20100517	13.14	13.29	12.67	13.04	7468000
20100514	13.52	13.64	12.94	13.10	6743300
20100513	13.90	14.06	13.51	13.62	4656700
20100512	13.59	14.17	13.25	13.97	7255800
20100511	13.75	13.78	13.21	13.59	9365200
20100510	14.46	14.46	13.70	13.93	9620900
20100507	14.59	14.80	13.55	13.87	16519800
20100506	14.80	15.13	13.27	14.68	14350700
20100505	15.89	15.89	14.84	14.99	5976600
20100504	15.48	15.68	15.05	15.36	7502800
20100503	15.50	15.99	15.40	15.86	5611100
20100430	15.66	15.79	15.24	15.36	5002400
20100429	15.31	15.88	15.29	15.81	4489700
20100428	15.48	15.68	15.10	15.30	7878000
20100427	15.89	16.00	15.34	15.41	7577000
20100426	16.39	16.50	15.86	15.89	6595300
20100423	16.60	16.60	16.06	16.38	5970700
20100422	15.97	16.47	15.81	16.43	4546500
20100421	16.37	16.41	15.66	16.08	13391600
20100420	16.50	16.59	16.33	16.39	9115200
20100419	16.39	16.55	16.00	16.33	5738800
20100416	16.46	16.55	16.22	16.39	4270800
20100415	16.71	16.78	16.37	16.47	7043000
20100414	16.39	16.80	16.39	16.71	5574300
20100413	16.33	16.52	16.20	16.38	2637100
20100412	16.36	16.55	16.30	16.36	3201500
20100409	16.33	16.33	16.08	16.29	2813200
20100408	16.09	16.36	15.88	16.27	3265800
20100407	15.99	16.10	15.90	16.08	5055300
20100406	15.99	16.15	15.90	16.08	2628300
20100405	15.75	16.09	15.72	16.01	5263000
20100401	15.40	15.64	15.34	15.60	6046700
20100331	15.21	15.38	15.01	15.30	4959600
20100330	14.99	15.40	14.88	15.21	4722900
20100329	15.15	15.24	14.93	15.01	3061300
20100326	15.04	15.22	14.89	15.04	5607600
20100325	14.85	15.07	14.83	15.07	6031500
20100324	14.83	14.84	14.63	14.75	5349600
20100323	15.20	15.41	14.77	14.83	26506400
20100322	14.59	14.87	14.32	14.86	5304800
20100319	14.85	15.13	14.45	14.62	10379800
20100318	14.49	14.71	14.44	14.65	5343200
20100317	14.13	14.56	14.09	14.54	7928800
20100316	14.34	14.39	14.00	14.15	3655900
20100315	14.05	14.34	13.87	14.27	5241300
20100312	13.59	14.14	13.59	14.06	5615900
20100311	13.82	13.83	13.50	13.60	8219900
20100310	13.44	14.09	13.38	13.81	8710200
20100309	13.20	13.74	13.11	13.46	4105100
20100308	13.48	13.55	13.17	13.23	3291900
20100305	12.98	13.70	12.10	13.47	8710300
20100304	12.91	13.08	12.66	12.98	3991300
20100303	12.96	13.05	12.52	12.91	4001100
20100302	12.77	13.10	12.58	12.90	4147500
20100301	12.69	13.07	12.69	12.97	6907200
20100226	12.39	12.81	12.22	12.59	8138800
20100225	11.90	12.50	11.75	12.40	12268300
20100224	11.24	11.56	11.12	11.46	6251100
20100223	11.36	11.41	11.06	11.17	4626500
20100222	11.54	11.57	11.32	11.36	2667300
20100219	11.28	11.63	11.27	11.52	4413700
20100218	11.19	11.39	11.08	11.33	3379900
20100217	11.01	11.18	10.97	11.13	3812800
20100216	10.96	11.02	10.81	11.00	1792300
20100212	10.62	10.89	10.50	10.87	3183400
20100211	10.54	10.86	10.50	10.76	2475800
20100210	10.61	10.77	10.49	10.54	2537100
20100209	10.66	10.87	10.49	10.64	1914100
20100208	10.72	10.89	10.49	10.51	2610800
20100205	10.59	10.81	10.34	10.73	5672300
20100204	10.70	10.77	10.40	10.53	3742500
20100203	10.69	10.78	10.51	10.75	2732900
20100202	10.54	10.81	10.31	10.78	2139800
20100201	10.40	10.60	10.20	10.57	4394700
20100129	10.67	10.80	10.35	10.38	3235200
20100128	10.88	10.95	10.52	10.61	3593500
20100127	10.60	10.92	10.50	10.89	3541900
20100126	10.67	10.96	10.48	10.66	3537700
20100125	10.91	10.97	10.65	10.72	3143700
20100122	10.96	11.12	10.70	10.79	5076100
20100121	11.02	11.05	10.68	10.95	5548500
20100120	11.20	11.22	10.87	10.99	7023000
20100119	11.24	11.47	11.10	11.23	3560600
20100115	11.43	11.72	11.09	11.22	4270300
20100114	11.54	11.67	11.53	11.59	4250900
20100113	11.64	11.73	11.45	11.63	2263300
20100112	11.85	11.87	11.36	11.59	3340400
20100111	11.48	11.92	11.31	11.92	4911600
20100108	11.49	11.61	11.34	11.50	2846800
20100107	11.47	11.65	11.37	11.47	4430100
20100106	11.39	11.53	11.18	11.44	4030100
20100105	11.15	11.56	11.14	11.46	4722000
20100104	11.00	11.34	10.89	11.16	4000500
20091231	10.90	10.98	10.73	10.84	1815600
20091230	10.85	11.03	10.80	10.93	1539000
20091229	11.06	11.11	10.84	10.92	2136200
20091228	10.99	11.22	10.62	11.05	2974900
20091224	10.78	11.03	10.70	10.94	1466000
20091223	10.55	10.78	10.32	10.71	3298400
20091222	10.52	10.67	10.44	10.56	2982400
20091221	10.48	10.57	10.34	10.49	7782000
20091218	10.22	10.47	10.04	10.43	11193400
20091217	10.58	10.58	10.23	10.27	5831300
20091216	10.93	10.99	10.49	10.58	7791600
20091215	10.93	11.02	10.78	10.91	3022100
20091214	10.90	11.02	10.76	10.99	3828700
20091211	10.77	10.86	10.59	10.86	3193500
20091210	10.50	10.84	10.48	10.75	3388600
20091209	10.68	10.68	10.20	10.49	3710900
20091208	10.73	10.90	10.39	10.72	4923000
20091207	10.74	10.95	10.66	10.76	2381700
20091204	10.65	11.14	10.65	10.77	3982100
20091203	10.87	11.02	10.70	10.72	4691700
20091202	11.05	11.12	10.79	10.88	4374600
20091201	10.67	11.20	10.65	10.99	6227300
20091130	10.25	10.66	10.24	10.64	6972400
20091127	9.88	10.43	9.82	10.32	2370500
20091125	10.28	10.50	10.26	10.48	2083500
20091124	10.39	10.51	10.24	10.28	3915000
20091123	10.71	11.01	10.42	10.45	5237500
20091120	10.66	11.02	10.57	10.63	5813900
20091119	10.93	11.00	10.58	10.74	2844200
20091118	11.01	11.10	10.78	11.04	2727800
20091117	10.88	11.12	10.75	11.06	2370200
20091116	10.84	11.13	10.78	10.90	3100800
20091113	11.09	11.15	10.69	10.77	4353000
20091112	11.20	11.39	10.98	11.04	4775300
20091111	11.33	11.45	11.08	11.17	3316900
20091110	11.33	11.49	11.25	11.36	3951600
20091109	12.18	12.20	11.24	11.40	7259800
20091106	11.96	12.21	11.90	12.13	6292400
20091105	11.85	12.18	11.73	12.02	4796100
20091104	11.71	12.03	11.53	11.71	4897900
20091103	11.63	11.77	11.43	11.71	3435300
20091102	11.34	11.72	11.29	11.66	5692700
20091030	11.53	11.78	11.17	11.32	5945000
20091029	11.27	11.67	11.25	11.46	3669300
20091028	11.64	11.69	11.05	11.17	4494700
20091027	11.92	12.03	11.57	11.62	3025100
20091026	12.10	12.32	11.75	11.91	3609000
20091023	11.87	12.81	11.87	12.07	9977000
20091022	11.91	12.10	11.72	11.99	2972500
20091021	12.02	12.26	11.89	11.95	5738200
20091020	11.93	12.05	11.76	11.98	3199700
20091019	11.92	12.18	11.86	12.00	2589000
20091016	12.16	12.16	11.77	11.86	4393400
20091015	12.08	12.23	11.97	12.22	3462900
20091014	11.97	12.23	11.97	12.12	4037800
20091013	12.12	12.21	11.86	11.88	4103600
20091012	12.04	12.24	11.85	12.13	4624800
20091009	11.75	12.21	11.68	11.89	5017000
20091008	11.55	11.94	11.50	11.81	6809800
20091007	11.57	11.59	11.31	11.44	4628600
20091006	11.24	11.61	11.08	11.59	5945300
20091005	10.91	11.26	10.86	11.18	3329300
20091002	10.77	11.13	10.66	10.89	3614500
20091001	11.00	11.06	10.55	10.96	4934700
20090930	11.07	11.14	10.78	10.97	2984000
20090929	11.12	11.27	10.98	11.04	2018700
20090928	10.78	11.33	10.71	11.09	2742300
20090925	10.82	11.03	10.67	10.70	2935200
20090924	10.85	11.05	10.49	10.84	2975500
20090923	11.41	11.41	11.01	11.01	3067200
20090922	11.32	11.48	11.12	11.34	3095500
20090921	11.25	11.42	11.06	11.31	3344700
20090918	11.09	11.46	10.91	11.32	4716500
20090917	11.06	11.30	10.93	10.98	5490500
20090916	10.78	11.17	10.67	11.01	6623400
20090915	10.47	11.08	10.46	10.78	5452600
20090914	10.24	10.84	10.12	10.68	4193000
20090911	10.63	10.82	10.25	10.35	4535800
20090910	10.55	10.76	10.37	10.64	3604100
20090909	9.85	10.51	9.79	10.46	4331300
20090908	9.81	9.93	9.68	9.88	2764700
20090904	9.50	9.74	9.40	9.71	2369400
20090903	9.32	9.49	9.18	9.47	3066600
20090902	9.30	9.37	9.04	9.30	2611800
20090901	9.56	9.87	9.27	9.37	3776000
20090831	9.56	9.65	9.24	9.58	2895500
20090828	10.00	10.02	9.57	9.66	3005300
20090827	10.00	10.19	9.61	9.98	2710600
20090826	9.87	10.31	9.75	9.92	3868500
20090825	10.02	10.02	9.62	9.90	2843100
20090824	10.11	10.21	9.48	9.60	3595100
20090821	9.79	9.86	9.52	9.72	2739600
20090820	9.59	9.69	9.48	9.61	2715100
20090819	9.20	9.74	9.20	9.56	2611300
20090818	9.36	9.58	9.36	9.46	2736700
20090817	9.74	9.77	9.21	9.29	3740000
20090814	9.86	10.06	9.54	9.90	4787900
20090813	10.21	10.25	9.71	10.04	5419200
20090812	9.86	10.44	9.83	9.89	11628700
20090811	8.98	9.87	8.97	9.65	8914000
20090810	8.77	9.07	8.42	9.07	10600000
20090807	8.00	8.85	8.00	8.38	11358400
20090806	7.07	7.54	7.00	7.42	8432600
20090805	7.04	7.14	6.87	7.06	3509100
20090804	7.08	7.22	6.89	7.08	3440600
20090803	6.71	7.23	6.66	7.13	4355800
20090731	6.35	6.68	6.22	6.66	3266600
20090730	6.24	6.45	6.12	6.36	3772300
20090729	6.15	6.17	5.97	6.08	1472800
20090728	6.20	6.36	6.08	6.20	1938500
20090727	6.17	6.26	6.03	6.24	1907100
20090724	6.07	6.24	5.83	6.20	1855700
20090723	6.03	6.21	5.96	6.16	4433300
20090722	6.15	6.18	5.84	6.07	2512800
20090721	6.15	6.20	5.87	6.17	3242400
20090720	5.96	6.16	5.88	6.11	4133700
20090717	6.00	6.12	5.83	5.94	2356200
20090716	5.74	6.01	5.59	6.00	2792900
20090715	5.30	5.82	5.25	5.77	3532200
20090714	5.17	5.47	5.17	5.41	2768000
20090713	5.15	5.24	4.99	5.20	1840000
20090710	4.99	5.16	4.99	5.15	2514000
20090709	4.84	5.14	4.70	5.00	3401500
20090708	4.72	4.84	4.53	4.82	5822100
20090707	4.83	4.85	4.66	4.70	2860000
20090706	4.80	4.88	4.60	4.86	2097900
20090702	5.11	5.19	4.79	4.81	2031600
20090701	5.02	5.22	4.93	5.19	2801600
20090630	5.00	5.08	4.87	5.01	2238100
20090629	4.98	5.16	4.88	4.98	2159000
20090626	4.95	5.03	4.85	4.99	3797500
20090625	4.83	5.01	4.74	4.99	2485900
20090624	4.78	5.01	4.65	4.87	3109700
20090623	5.04	5.04	4.79	4.80	2865600
20090622	5.15	5.23	4.83	5.04	6522000
20090619	5.31	5.39	5.26	5.31	3229900
20090618	5.45	5.46	5.22	5.35	1670000
20090617	5.55	5.68	5.45	5.46	3217900
20090616	5.77	5.89	5.47	5.52	3449400
20090615	5.71	5.76	5.59	5.76	2156000
20090612	5.96	5.98	5.75	5.93	1253600
20090611	6.04	6.10	5.90	6.00	2816900
20090610	5.95	5.99	5.72	5.98	2842100
20090609	5.81	6.12	5.68	5.90	2833800
20090608	5.88	5.93	5.51	5.77	1818000
20090605	6.04	6.13	5.72	5.89	2502600
20090604	6.09	6.19	5.87	6.03	3883600
20090603	6.34	6.49	5.85	6.07	2814300
20090602	6.25	6.42	6.06	6.38	3667800
20090601	5.84	6.34	5.84	6.26	4840700
20090529	5.73	5.89	5.53	5.86	4290800
20090528	5.64	5.79	5.40	5.64	2395000
20090527	5.87	6.00	5.62	5.65	2101300
20090526	5.48	5.89	5.25	5.88	3337600
20090522	5.69	5.76	5.45	5.65	1777000
20090521	5.97	6.11	5.56	5.67	2528100
20090520	6.10	6.25	5.91	6.01	2768300
20090519	5.77	6.19	5.64	6.10	4549000
20090518	5.54	5.90	5.42	5.89	4319100
20090515	5.48	5.66	5.25	5.47	2695100
20090514	5.41	5.49	5.14	5.39	5432800
20090513	5.90	5.98	5.28	5.36	4187500
20090512	6.29	6.60	5.85	5.98	7505800
20090511	6.92	7.05	6.69	6.71	3480400
20090508	6.85	7.34	6.72	6.97	5510000
20090507	6.90	7.00	6.13	6.71	8806300
20090506	6.75	6.98	6.30	6.82	4754400
20090505	6.00	6.87	5.81	6.73	7314800
20090504	5.80	6.09	5.76	6.05	6521100
20090501	5.30	5.71	5.23	5.53	4142600
20090430	4.85	5.49	4.65	5.30	5793100
20090429	4.67	4.97	4.59	4.79	3873500
20090428	4.78	4.98	4.60	4.63	3530100
20090427	4.88	5.08	4.59	4.81	4072500
20090424	4.94	5.20	4.80	5.07	3756100
20090423	4.85	4.98	4.74	4.90	3660700
20090422	5.15	5.40	4.85	4.94	5435400
20090421	4.95	5.28	4.90	5.15	3419000
20090420	5.63	5.63	4.87	4.98	3683800
20090417	5.25	5.67	5.09	5.54	4412100
20090416	4.05	5.60	4.01	5.32	11086100
20090415	3.62	3.97	3.58	3.96	3180600
20090414	3.57	3.94	3.57	3.66	5447300
20090413	3.71	3.74	3.54	3.74	4098200
20090409	3.40	3.77	3.40	3.74	4487600
20090408	3.34	3.40	3.23	3.36	2698500
20090407	3.34	3.44	3.24	3.32	3196100
20090406	3.43	3.44	3.24	3.41	3784200
20090403	3.70	3.70	3.34	3.47	3070200
20090402	3.17	3.80	3.05	3.50	7667000
20090401	2.86	3.19	2.83	3.13	3487200
20090331	3.22	3.22	2.89	2.90	4255800
20090330	3.30	3.30	2.84	3.03	3265500
20090327	3.58	3.58	3.31	3.37	3180500
20090326	3.27	3.52	3.27	3.41	4156700
20090325	3.45	3.64	3.36	3.48	3377000
20090324	3.37	3.62	3.29	3.42	3615600
20090323	3.21	3.50	3.21	3.42	5450000
20090320	3.05	3.40	2.91	3.10	5075000
20090319	3.15	3.49	3.03	3.26	2547000
20090318	3.06	3.11	2.91	3.10	3281800
20090317	3.00	3.09	2.82	3.08	2009600
20090316	3.03	3.09	2.80	2.81	2042400
20090313	3.00	3.04	2.90	3.02	2083700
20090312	2.90	2.99	2.82	2.94	3066000
20090311	2.84	2.93	2.70	2.91	3188100
20090310	2.60	2.87	2.52	2.80	3368500
20090309	2.48	2.85	2.42	2.46	9255900
20090306	2.73	2.81	2.42	2.50	3357300
20090305	2.81	2.89	2.72	2.74	2338200
20090304	2.90	3.03	2.78	2.99	2461500
20090303	3.05	3.16	2.80	2.86	3168100
20090302	3.07	3.50	2.97	3.02	3934500
20090227	3.15	3.39	3.15	3.24	7012200
20090226	3.60	3.60	3.20	3.27	3802400
20090225	3.51	3.99	3.10	3.56	4188100
20090224	3.10	3.54	2.94	3.50	3766100
20090223	3.23	3.27	3.03	3.08	2821600
20090220	3.09	3.34	2.93	3.22	2862300
20090219	3.20	3.31	3.07	3.10	2265100
20090218	3.19	3.20	3.04	3.17	1919800
20090217	3.20	3.30	3.07	3.08	3005100
20090213	3.36	3.55	3.11	3.31	3672800
20090212	3.27	3.42	3.18	3.27	4588000
20090211	3.60	3.65	3.22	3.33	1763000
20090210	3.59	3.62	3.31	3.34	2725000
20090209	3.51	3.71	3.50	3.64	2142800
20090206	3.38	3.61	3.35	3.50	3232700
20090205	2.76	3.41	2.76	3.38	2581400
20090204	3.31	3.36	3.20	3.25	3004600
20090203	3.04	3.26	2.99	3.25	3646100
20090202	3.09	3.18	2.91	3.09	3632800
20090130	3.38	3.53	3.13	3.14	3719600
20090129	3.53	3.54	3.27	3.37	2268400
20090128	3.29	3.60	3.29	3.58	7164100
20090127	2.86	3.26	2.86	3.11	1893900
20090126	3.10	3.21	3.04	3.08	2527700
20090123	2.92	3.21	2.85	3.09	4948100
20090122	2.98	3.04	2.85	2.97	3309700
20090121	2.98	3.12	2.92	3.10	3288900
20090120	3.12	3.20	2.89	2.98	3911500
20090116	3.29	3.31	3.03	3.15	2057700
20090115	3.07	3.30	2.94	3.20	3026400
20090114	2.90	3.22	2.79	3.09	3289100
20090113	3.40	3.62	3.24	3.25	2696800
20090112	3.56	3.61	3.25	3.40	2506800
20090109	3.59	3.75	3.33	3.57	6663600
20090108	3.50	3.68	3.37	3.60	3893200
20090107	3.65	3.65	3.37	3.49	3260400
20090106	3.51	3.84	3.46	3.72	4081700
20090105	3.36	3.59	3.14	3.47	3208000
20090102	3.11	3.44	3.01	3.39	1837900
20081231	2.99	3.14	2.85	3.12	2912200
20081230	2.88	3.05	2.74	3.04	2579000
20081229	3.31	3.32	2.79	2.87	2426100
20081226	3.30	3.43	3.25	3.31	1356000
20081224	3.21	3.34	3.08	3.28	1542300
20081223	2.89	3.23	2.74	3.22	4458400
20081222	3.08	3.17	2.88	2.98	3411700
20081219	3.16	3.45	3.00	3.10	3589800
20081218	3.13	3.20	3.02	3.06	4370300
20081217	3.71	3.82	2.88	3.12	5601300
20081216	2.54	3.00	2.41	2.91	6004900
20081215	2.49	2.67	2.41	2.53	10243500
20081212	2.25	2.53	2.25	2.41	4608700
20081211	2.62	2.69	2.32	2.39	5509600
20081210	2.68	2.83	2.48	2.65	3735800
20081209	2.29	2.73	2.27	2.66	8728400
20081208	2.38	2.47	2.29	2.30	7111200
20081205	2.33	2.41	2.25	2.35	8378300
20081204	2.32	2.56	2.28	2.35	3558200
20081203	2.10	2.49	2.10	2.41	4927600
20081202	2.22	3.06	2.22	2.36	4188300
20081201	2.56	2.83	2.25	2.25	3300800
20081128	2.52	2.79	2.43	2.63	2402000
20081126	2.13	2.63	2.05	2.60	5857400
20081125	2.53	2.56	2.00	2.16	6966900
20081124	2.17	2.89	2.11	2.51	4974600
20081121	2.08	2.22	1.97	2.19	6951100
20081120	2.65	2.81	2.05	2.06	7098800
20081119	3.06	3.12	2.63	2.63	4900900
20081118	2.96	3.18	2.96	3.13	5203600
20081117	2.86	3.06	2.63	2.94	4335700
20081114	2.92	3.17	2.63	3.01	5279900
20081113	3.47	3.48	3.01	3.39	6475100
20081112	3.75	3.86	3.44	3.46	4673000
20081111	4.19	4.19	3.75	3.76	3518100
20081110	4.70	4.71	4.16	4.24	3816400
20081107	4.32	4.79	4.13	4.57	10484800
20081106	4.61	4.81	4.19	4.23	4132400
20081105	4.89	5.22	4.63	4.63	5838600
20081104	4.95	4.98	4.66	4.95	8956700
20081103	4.84	4.89	4.58	4.83	4002900
20081031	4.81	5.17	4.73	4.88	5962400
20081030	6.36	6.36	4.73	4.90	11548700
20081029	6.00	6.61	5.32	6.38	6076800
20081028	5.85	6.29	5.61	6.13	4044700
20081027	6.19	6.49	5.71	5.71	3490800
20081024	6.35	7.21	5.75	6.32	3708700
20081023	6.60	6.92	6.46	6.90	4235100
20081022	6.57	6.85	6.42	6.60	4676100
20081021	6.69	7.35	6.54	6.84	3947700
20081020	6.67	6.85	6.56	6.82	4103400
20081017	5.76	6.63	5.41	6.60	10470000
20081016	6.44	6.59	5.50	5.96	9877800
20081015	7.54	8.41	6.46	6.51	6938800
20081014	8.16	8.70	7.39	7.48	4325500
20081013	7.84	9.36	7.33	7.84	5138500
20081010	8.11	9.36	7.40	7.54	7006200
20081009	9.10	9.36	8.29	8.45	3758100
20081008	9.86	10.16	8.94	9.01	6618200
20081007	10.75	10.78	9.75	9.75	4267100
20081006	11.04	11.19	9.98	10.69	8390700
20081003	12.18	12.19	11.17	11.21	6751300
20081002	12.87	13.10	11.92	11.98	4264100
20081001	12.68	12.95	12.43	12.87	4665100
20080930	12.37	13.00	11.52	12.91	4684700
20080929	13.24	13.54	12.16	12.16	6182500
20080926	13.54	13.71	13.24	13.45	3506100
20080925	13.86	13.99	13.59	13.71	2951600
20080924	13.53	13.91	13.43	13.74	3290600
20080923	13.86	14.00	13.47	13.48	2927200
20080922	14.39	14.39	13.65	13.76	3583800
20080919	15.17	15.17	13.30	14.30	5038300
20080918	13.79	13.99	13.38	13.93	5520300
20080917	13.13	13.87	13.00	13.48	7433900
20080916	13.42	14.54	13.42	13.88	5723000
20080915	13.68	14.12	13.20	13.77	3259500
20080912	13.84	13.97	13.50	13.84	2678300
20080911	13.66	13.94	13.50	13.92	2668400
20080910	13.77	13.85	13.44	13.70	4856000
20080909	13.83	13.92	13.57	13.57	2950500
20080908	13.79	13.96	12.83	13.86	4143800
20080905	13.55	13.85	13.26	13.70	3809900
20080904	13.82	14.00	13.57	13.63	4124200
20080903	13.62	14.09	13.62	13.95	4073400
20080902	13.87	14.14	13.49	13.63	2854000
20080829	13.47	13.74	13.36	13.59	5034200
20080828	13.59	13.99	13.43	13.86	5351300
20080827	13.34	13.67	13.23	13.44	4700600
20080826	13.25	13.60	13.23	13.30	4011500
20080825	13.21	14.02	12.95	13.25	5756600
20080822	13.31	13.99	13.13	13.40	2898300
20080821	13.21	13.38	13.11	13.25	2854600
20080820	13.51	13.57	13.20	13.29	3627800
20080819	13.69	14.21	13.20	13.37	4296300
20080818	14.01	14.27	13.62	13.73	2779300
20080815	14.14	14.14	13.52	13.97	3392400
20080814	13.55	14.29	13.55	14.05	3722900
20080813	13.57	14.00	13.46	13.69	3783000
20080812	14.42	14.50	13.86	14.05	4929800
20080811	13.79	14.60	13.75	14.40	3640700
20080808	14.08	14.49	13.79	14.27	3637900
20080807	13.79	14.40	13.78	14.21	3490800
20080806	13.72	14.12	13.57	14.08	2645300
20080805	13.66	13.75	13.37	13.75	3667500
20080804	13.62	13.70	13.26	13.50	4962500
20080801	14.09	14.20	13.26	13.59	2872800
20080731	13.82	14.18	13.06	14.03	4410500
20080730	13.98	14.15	13.71	13.94	2686800
20080729	13.34	13.95	13.34	13.91	3443700
20080728	13.68	13.77	13.18	13.30	2775600
20080725	13.44	13.72	13.26	13.69	2764100
20080724	13.51	14.06	13.13	13.42	3233900
20080723	13.95	14.68	13.78	14.07	2929000
20080722	13.81	14.15	13.48	13.88	2998400
20080721	13.69	14.25	13.40	13.49	2401000
20080718	13.50	14.25	13.50	13.66	3736000
20080717	13.57	13.86	13.43	13.71	3719700
20080716	12.99	13.70	12.91	13.62	4977800
20080715	12.86	13.30	12.72	12.99	4379200
20080714	13.31	13.31	12.86	12.91	3102100
20080711	13.19	13.35	12.85	13.12	4490400
20080710	13.33	13.55	13.04	13.28	4340300
20080709	13.40	13.79	13.20	13.26	5552600
20080708	13.66	13.96	13.56	13.96	3316700
20080707	13.99	14.15	13.47	13.69	3631400
20080703	14.98	14.98	13.76	13.90	1983200
20080702	14.02	14.48	13.84	13.85	4289500
20080701	14.55	14.70	14.07	14.40	6472200
20080630	15.30	15.30	14.68	14.76	4557600
20080627	15.33	15.57	14.82	14.95	10411500
20080626	15.60	15.74	15.31	15.35	8284700
20080625	15.99	16.12	15.77	15.89	4677400
20080624	15.84	16.08	15.82	15.85	4243000
20080623	16.53	16.69	15.84	15.97	4847800
20080620	16.56	16.80	16.42	16.52	5425100
20080619	16.48	16.78	16.22	16.76	3859900
20080618	16.70	16.71	16.30	16.54	3645100
20080617	16.92	16.96	16.57	16.81	2309700
20080616	16.58	17.01	16.49	16.95	2590700
20080613	16.52	16.82	16.41	16.82	2053300
20080612	16.58	16.65	16.20	16.32	8728200
20080611	16.69	16.88	16.27	16.37	3190400
20080610	16.75	16.94	16.61	16.67	3294700
20080609	17.09	17.32	16.72	16.91	3728300
20080606	17.34	17.44	16.89	17.02	3775000
20080605	17.25	17.58	17.02	17.45	2754400
20080604	16.88	17.43	16.78	17.25	3847700
20080603	17.09	17.10	16.75	16.96	5186700
20080602	16.98	17.03	16.72	17.01	4374700
20080530	16.77	17.04	16.60	16.99	3077700
20080529	16.70	17.00	16.48	16.80	3769100
20080528	16.47	16.71	16.11	16.67	3931100
20080527	16.22	16.50	16.09	16.47	2936900
20080523	16.26	16.57	15.91	16.17	5006300
20080522	16.42	16.84	16.21	16.74	3450000
20080521	16.59	16.87	16.25	16.35	4383700
20080520	16.72	16.98	16.48	16.63	2573900
20080519	16.71	16.86	16.50	16.69	2579900
20080516	16.56	16.85	16.33	16.72	3359800
20080515	16.15	16.82	16.00	16.75	4678200
20080514	16.09	16.64	16.05	16.25	3514200
20080513	16.00	16.17	15.71	15.97	2183700
20080512	16.04	16.19	15.38	15.94	2897200
20080509	15.45	16.35	15.45	16.11	2762400
20080508	15.69	16.14	15.49	15.62	2668800
20080507	15.79	15.93	15.46	15.58	3204500
20080506	15.21	15.91	15.21	15.72	3253700
20080505	15.32	15.73	15.11	15.29	1924200
20080502	15.72	15.88	15.22	15.40	2569900
20080501	15.10	15.85	15.10	15.53	4074900
20080430	15.34	15.34	14.97	15.13	5303600
20080429	15.12	15.39	15.07	15.28	1794000
20080428	15.35	15.38	15.11	15.21	2522600
20080425	15.11	15.42	15.05	15.29	2387100
20080424	14.82	15.44	14.82	15.14	3367700
20080423	14.65	14.91	14.55	14.86	2778700
20080422	15.18	15.39	14.90	15.12	2264000
20080421	15.35	15.59	15.10	15.54	1661200
20080418	16.09	16.12	15.34	15.44	4207800
20080417	15.66	15.94	15.48	15.62	1447100
20080416	15.60	15.71	15.40	15.60	2624000
20080415	15.51	15.56	15.22	15.45	1493500
20080414	15.45	15.78	15.39	15.47	1683800
20080411	15.83	15.93	15.44	15.51	2932300
20080410	16.01	16.32	15.90	16.04	2055900
20080409	16.33	16.49	15.82	15.97	2430400
20080408	16.41	16.56	16.10	16.33	2167100
20080407	16.82	16.96	16.46	16.59	2192200
20080404	16.99	17.03	16.62	16.81	2463600
20080403	16.86	17.00	16.57	16.86	2972600
20080402	16.58	17.12	16.40	16.93	7363100
20080401	16.23	16.71	16.13	16.65	3337500
20080331	16.29	16.29	15.83	16.14	4566200
20080328	16.95	16.95	16.03	16.16	2418600
20080327	16.71	17.13	16.53	16.69	3973600
20080326	16.81	16.91	16.08	16.80	5807600
20080325	16.95	17.07	16.52	16.92	1707200
20080324	16.85	17.19	16.64	16.88	3194400
20080320	16.31	16.97	16.31	16.82	6137400
20080319	16.50	16.72	16.14	16.31	4845800
20080318	16.45	16.49	15.98	16.48	4298400
20080317	15.65	16.28	15.33	16.18	6561000
20080314	15.72	16.29	15.19	16.08	6643600
20080313	15.27	16.04	15.00	15.74	6499200
20080312	15.74	16.09	15.44	15.49	4370500
20080311	15.00	15.46	14.93	15.44	3184400
20080310	15.01	15.06	14.53	14.63	2485900
20080307	14.97	15.15	14.75	15.01	3443200
20080306	15.16	15.41	14.94	14.96	3793800
20080305	15.04	15.36	15.01	15.18	4931600
20080304	14.58	15.14	14.51	15.04	6988100
20080303	14.32	14.78	14.25	14.73	4233900
20080229	14.40	14.77	14.10	14.36	7989200
20080228	14.99	15.14	14.62	14.71	8129100
20080227	15.34	15.56	14.98	15.08	6634900
20080226	15.59	15.82	15.25	15.49	4959700
20080225	15.73	15.86	15.05	15.29	3377400
20080222	15.39	15.49	15.06	15.35	2840400
20080221	15.31	15.75	15.17	15.28	2499500
20080220	15.67	15.74	15.41	15.68	2763800
20080219	15.92	16.05	15.58	15.74	2769400
20080215	15.67	15.70	15.37	15.48	2404000
20080214	16.30	16.30	15.57	15.62	2556200
20080213	16.02	16.46	15.79	16.26	2807000
20080212	15.71	15.85	15.54	15.60	2659900
20080211	15.41	15.64	15.25	15.60	1768300
20080208	15.26	15.64	15.19	15.37	2535600
20080207	14.97	15.71	14.93	15.51	2928700
20080206	15.63	15.63	15.05	15.14	4726200
20080205	15.67	16.15	15.46	15.55	5115200
20080204	16.55	16.56	16.35	16.42	3410000
20080201	16.02	16.78	15.99	16.51	4421700
20080131	15.34	16.05	15.34	15.91	4321100
20080130	15.67	16.05	15.55	15.60	1957800
20080129	15.43	15.79	15.35	15.67	3872600
20080128	14.65	15.42	14.65	15.42	4616900
20080125	15.27	15.33	14.65	14.76	3298500
20080124	15.04	15.44	14.64	15.26	5412500
20080123	14.18	15.04	13.93	14.99	5614900
20080122	13.79	14.22	13.42	14.10	6275600
20080118	14.41	14.62	13.49	14.14	9711300
20080117	15.22	15.22	14.33	14.38	6159300
20080116	15.24	15.49	15.15	15.20	5039900
20080115	15.50	15.66	15.09	15.27	7080300
20080114	15.67	15.95	15.45	15.70	5554100
20080111	16.02	16.23	15.57	15.63	9173900
20080110	16.06	16.36	15.83	16.19	6136000
20080109	17.18	17.18	16.03	16.26	8885900
20080108	17.62	17.68	17.19	17.20	4801700
20080107	17.49	17.79	17.22	17.61	4459600
20080104	18.10	18.11	17.26	17.49	4696700
20080103	18.45	18.46	17.88	18.08	2814500
20080102	19.08	19.17	18.03	18.18	5522800
20071231	19.17	19.30	19.02	19.08	4395100
20071228	19.49	19.50	19.21	19.28	2219200
20071227	19.79	20.00	19.48	19.50	3120200
20071226	19.78	20.00	19.75	19.79	1647700
20071224	20.08	20.12	19.77	19.96	1064900
20071221	20.11	20.35	19.73	19.89	7730800
20071220	20.40	20.40	19.86	20.06	5262300
20071219	20.43	20.51	20.12	20.25	3541100
20071218	20.57	20.74	20.37	20.41	3130500
20071217	20.54	20.62	20.30	20.43	2918200
20071214	21.09	21.09	20.40	20.51	3551900
20071213	21.25	21.30	20.80	21.19	3244900
20071212	21.29	21.29	20.80	21.23	4565800
20071211	20.87	21.35	20.83	21.03	6389500
20071210	20.59	20.87	20.37	20.81	3583900
20071207	20.43	20.72	20.31	20.47	8078800
20071206	20.07	20.40	19.81	20.38	7042900
20071205	20.28	20.28	19.88	20.02	13533800
20071204	20.01	20.25	19.87	19.95	4616200
20071203	19.99	20.44	19.88	20.23	4398900
20071130	20.25	20.68	20.12	20.15	5925300
20071129	20.14	20.34	19.94	20.25	3366600
20071128	20.12	20.48	19.71	20.15	4405200
20071127	19.58	19.97	19.49	19.84	4967500
20071126	19.52	19.68	19.49	19.49	6851900
20071123	19.58	19.66	19.24	19.53	1641200
20071121	19.75	19.78	19.53	19.56	4865700
20071120	19.81	19.83	19.42	19.65	6224900
20071119	19.85	19.99	19.61	19.66	4924600
20071116	20.09	20.22	19.79	20.05	4604200
20071115	19.85	20.15	19.70	19.92	5631200
20071114	19.85	19.99	19.66	19.96	8024300
20071113	19.90	20.29	19.33	20.24	4728200
20071112	19.70	20.07	19.50	19.95	8002500
20071109	18.96	23.00	18.95	19.79	18040200
20071108	20.43	21.00	20.30	20.51	10983000
20071107	20.63	20.94	20.43	20.56	2534100
20071106	20.92	20.98	20.39	20.85	2758200
20071105	21.04	21.07	20.58	20.85	3220100
20071102	21.20	21.45	20.85	21.30	2536400
20071101	21.17	21.46	20.98	20.99	3006900
20071031	20.62	21.31	20.59	21.23	3932100
20071030	20.36	20.62	20.21	20.55	3935100
20071029	20.55	20.60	20.39	20.48	1929400
20071026	20.30	20.70	20.08	20.42	2020700
20071025	20.69	21.00	19.94	20.24	4581500
20071024	20.19	20.40	19.96	20.37	3168200
20071023	19.45	20.40	19.45	20.40	3690900
20071022	20.00	20.35	19.90	20.26	6990400
20071019	20.43	20.58	19.96	20.03	5478100
20071018	20.27	20.58	20.15	20.35	3072900
20071017	20.13	20.25	19.89	20.23	4866000
20071016	20.07	20.34	19.98	20.12	6698500
20071015	19.98	20.39	19.95	20.07	4107200
20071012	20.14	20.35	20.02	20.22	6195800
20071011	20.20	20.57	19.87	20.00	3578400
20071010	20.10	20.45	20.08	20.24	3985500
20071009	19.98	20.34	19.80	20.17	1982500
20071008	19.91	20.22	19.91	20.08	2079100
20071005	19.85	20.52	19.81	20.12	4865000
20071004	19.65	19.90	19.54	19.84	3690400
20071003	19.71	19.90	19.56	19.69	2228700
20071002	19.70	19.83	19.56	19.75	2407700
20071001	19.21	19.99	19.11	19.75	4385300
20070928	18.85	19.22	18.85	19.21	3992600
20070927	18.54	18.79	18.47	18.77	2795400
20070926	18.64	18.64	18.34	18.41	3732600
20070925	18.39	18.64	18.26	18.58	2863100
20070924	18.25	18.49	18.15	18.44	2791000
20070921	18.69	18.90	18.09	18.28	10433500
20070920	18.67	18.85	18.48	18.78	2615600
20070919	19.13	19.25	18.52	18.65	2503400
20070918	18.98	19.54	18.71	19.06	3205600
20070917	18.66	19.04	18.39	18.84	5356500
20070914	18.62	18.90	18.50	18.78	4789600
20070913	18.91	18.92	18.50	18.71	1854500
20070912	18.62	20.05	18.57	18.74	3059100
20070911	18.75	18.75	18.41	18.71	2743600
20070910	19.04	19.09	18.40	18.68	2778400
20070907	18.80	19.21	18.69	18.95	2860100
20070906	19.16	19.21	18.76	19.00	3638700
20070905	19.20	19.30	18.73	19.05	8197300
20070904	19.00	19.44	18.96	19.23	2503800
20070831	19.18	19.18	18.84	18.97	3109000
20070830	18.94	19.00	18.59	18.92	1679800
20070829	18.75	18.98	18.47	18.95	2189000
20070828	18.69	18.93	18.65	18.67	2741500
20070827	19.13	19.30	18.65	18.85	2656400
20070824	18.82	19.16	18.61	19.16	2101600
20070823	18.96	19.20	18.72	18.83	2319000
20070822	18.52	19.21	18.36	18.84	4351000
20070821	17.77	18.61	17.77	18.53	4388400
20070820	18.01	18.13	17.70	17.90	5368300
20070817	18.12	18.55	17.73	18.08	7518100
20070816	18.27	18.67	18.17	18.28	8314100
20070815	18.95	19.37	18.28	18.33	5238800
20070814	19.50	19.60	19.01	19.04	2644900
20070813	19.30	20.04	18.84	19.61	3849900
20070810	18.69	19.33	18.26	19.13	4061900
20070809	19.78	20.09	18.60	18.63	5532700
20070808	20.00	20.08	19.24	19.82	8493000
20070807	20.30	20.39	19.80	20.20	4145900
20070806	20.84	20.89	20.03	20.33	5197100
20070803	21.06	21.10	20.57	20.63	5243400
20070802	20.93	21.21	20.59	21.02	2347100
20070801	20.99	21.25	20.39	20.76	4790400
20070731	21.23	21.59	20.90	20.95	3634300
20070730	20.97	21.40	20.97	21.25	3357700
20070727	21.15	21.32	20.72	21.00	2948000
20070726	21.73	21.77	20.73	20.98	7076300
20070725	22.42	22.50	21.85	21.94	3225700
20070724	22.61	22.91	22.26	22.30	2788300
20070723	22.99	23.01	22.61	22.70	4405600
20070720	22.98	23.05	22.69	22.85	3398700
20070719	23.02	23.05	22.80	23.01	1774800
20070718	23.07	23.07	22.80	22.95	3194600
20070717	22.95	22.99	22.78	22.92	3198700
20070716	22.88	23.02	22.73	22.96	2714000
20070713	22.62	22.90	22.60	22.87	2369300
20070712	22.45	22.73	22.17	22.72	3497200
20070711	21.95	22.45	21.95	22.36	2751300
20070710	22.19	22.32	21.85	21.98	4115000
20070709	22.41	22.55	22.11	22.19	2434200
20070706	22.50	22.56	22.31	22.54	2821800
20070705	22.63	22.69	22.28	22.50	2277500
20070703	22.66	22.76	22.46	22.65	1432500
20070702	22.44	23.00	22.30	22.72	2962700
20070629	22.39	22.63	22.15	22.33	3127300
20070628	22.80	23.00	22.44	22.45	8508000
20070627	23.15	23.18	22.71	22.79	7415900
20070626	23.28	23.42	23.00	23.19	2955900
20070625	23.28	23.57	23.03	23.15	4255500
20070622	23.34	23.49	22.96	23.10	5901000
20070621	23.48	23.61	23.22	23.53	2524200
20070620	23.87	24.07	23.36	23.50	4308000
20070619	24.21	24.32	23.74	23.89	4389000
20070618	24.63	24.80	24.17	24.21	2937900
20070615	25.00	25.23	24.72	24.73	7269400
20070614	24.83	25.11	24.66	24.79	1934000
20070613	24.26	24.91	24.20	24.81	4205700
20070612	24.01	24.28	23.90	24.15	7116400
20070611	23.85	24.35	23.78	24.10	2099500
20070608	23.70	24.09	23.70	23.79	2950900
20070607	23.81	24.15	23.78	23.79	3793800
20070606	24.04	24.27	23.89	24.15	8743500
20070605	24.31	24.37	23.84	24.03	2908200
20070604	24.29	24.66	24.08	24.40	2579700
20070601	24.30	24.62	24.23	24.42	3366000
20070531	24.06	24.26	23.96	24.23	4371600
20070530	23.67	24.00	23.55	23.99	4364400
20070529	23.20	23.86	23.10	23.83	3588500
20070525	23.53	23.65	23.24	23.28	3013200
20070524	24.00	24.08	23.40	23.54	4002700
20070523	24.03	24.25	23.81	24.04	4126900
20070522	24.22	24.50	23.93	23.99	3327500
20070521	24.59	24.88	24.27	24.38	2755700
20070518	24.55	24.65	24.33	24.50	3216000
20070517	24.60	24.72	24.36	24.55	3303700
20070516	24.40	24.68	24.20	24.55	3502500
20070515	24.43	24.63	24.10	24.26	2231400
20070514	25.12	25.23	24.15	24.29	4456200
20070511	24.58	25.17	24.57	25.09	3683000
20070510	24.86	24.93	24.61	24.80	3414200
20070509	24.44	24.98	24.31	24.95	5437700
20070508	24.80	24.80	23.10	23.81	9033700
20070507	25.89	25.89	25.09	25.44	2645200
20070504	25.46	25.70	25.13	25.68	2539600
20070503	25.68	25.68	24.97	25.32	2170800
20070502	25.05	25.70	24.95	25.58	2425200
20070501	25.07	25.54	24.92	24.98	1847600
20070430	25.48	25.51	24.97	25.03	2042500
20070427	25.50	25.59	25.00	25.36	2545900
20070426	25.11	25.79	24.92	25.60	2040300
20070425	24.75	25.68	24.70	25.47	3921100
20070424	24.75	24.89	24.27	24.80	2718200
20070423	24.09	24.78	24.09	24.76	1696100
20070420	24.37	24.59	23.90	24.16	2163900
20070419	24.19	24.28	23.75	24.03	1778400
20070418	24.48	24.72	24.20	24.28	1609100
20070417	24.71	24.80	24.42	24.54	1134900
20070416	24.24	24.80	24.23	24.70	1839000
20070413	24.14	24.26	23.97	24.20	812100
20070412	23.89	24.35	23.59	24.19	1803300
20070411	24.18	24.25	23.70	24.01	1742600
20070410	24.00	24.34	24.00	24.31	1999100
20070409	24.74	24.75	24.02	24.02	1905700
20070405	24.06	24.80	24.06	24.80	1717600
20070404	24.40	24.40	23.94	24.14	1271800
20070403	23.62	24.44	23.61	24.35	2321000
20070402	23.91	23.92	23.30	23.47	2405200
20070330	24.00	24.27	23.59	23.82	1676600
20070329	23.90	24.10	23.60	24.06	1751000
20070328	23.88	24.21	23.77	23.90	2925400
20070327	24.00	24.18	23.72	24.07	2413500
20070326	23.90	24.16	23.44	24.16	3281300
20070323	23.51	23.56	23.30	23.39	3134100
20070322	23.60	23.60	23.16	23.46	3359700
20070321	22.72	23.57	22.46	23.56	3181800
20070320	22.06	22.85	21.96	22.66	2684800
20070319	21.74	22.28	21.62	22.19	1305900
20070316	21.70	21.97	21.41	21.64	3312800
20070315	22.07	22.08	21.51	21.74	1468900
20070314	21.44	22.12	21.25	21.95	2527600
20070313	21.87	22.07	21.40	21.44	2435100
20070312	21.96	22.16	21.83	22.08	2019800
20070309	22.73	22.73	21.80	22.17	1874500
20070308	22.38	22.70	22.10	22.44	2560700
20070307	22.41	22.49	22.14	22.21	1835400
20070306	22.69	22.73	22.18	22.51	2468800
20070305	22.54	22.76	21.95	22.60	2043400
20070302	22.96	23.41	22.62	22.65	2814700
20070301	22.71	23.71	22.60	23.50	3150800
20070228	22.52	24.05	22.29	23.57	4239600
20070227	23.85	24.61	22.64	22.90	2454700
20070226	24.00	24.35	23.89	24.14	1621000
20070223	24.19	24.36	23.85	23.89	2408100
20070222	24.30	24.32	23.80	24.07	1314400
20070221	24.24	24.33	23.76	24.24	1334300
20070220	24.30	24.38	23.56	24.29	2219000
20070216	23.88	24.58	23.85	24.35	3034100
20070215	23.41	24.07	23.11	24.02	1960600
20070214	23.55	23.58	23.15	23.44	2500700
20070213	23.27	23.45	23.07	23.44	1582900
20070212	23.41	23.42	23.04	23.33	1569900
20070209	24.21	24.29	23.41	23.47	2065700
20070208	24.70	24.79	24.08	24.20	2028100
20070207	24.15	24.87	23.81	24.63	1703600
20070206	24.20	24.20	23.54	24.10	1789200
20070205	24.29	24.59	24.05	24.25	865800
20070202	24.32	24.51	24.00	24.39	1156700
20070201	24.46	24.76	24.27	24.31	1422500
20070131	23.94	24.67	23.87	24.37	1776100
20070130	24.06	24.22	23.82	24.10	1585800
20070129	24.20	24.35	23.83	24.06	2258800
20070126	24.39	24.50	24.05	24.29	1586600
20070125	24.31	24.54	24.15	24.41	2655400
20070124	24.14	24.84	23.99	24.78	1500200
20070123	24.00	24.49	23.98	24.02	1365800
20070122	24.05	24.24	23.60	24.00	1496800
20070119	24.30	24.66	24.05	24.25	2256400
20070118	24.70	25.05	24.02	24.41	4376000
20070117	23.50	24.53	23.35	24.38	4535400
20070116	23.34	23.81	23.31	23.47	4134800
20070112	23.40	23.78	23.21	23.33	3108800
20070111	22.76	24.33	22.61	23.50	4434200
20070110	21.98	22.71	21.74	22.61	1821100
20070109	21.61	22.29	21.54	22.16	2519200
20070108	21.68	21.96	21.60	21.71	1934500
20070105	22.15	22.21	21.60	21.77	2023200
20070104	21.24	22.26	21.00	22.13	3303500
20070103	21.62	21.75	20.90	21.24	5026500
20061229	21.51	21.86	21.49	21.57	1107800
20061228	21.49	21.72	21.48	21.63	1015000
20061227	21.93	22.02	21.18	21.57	1787700
20061226	21.44	21.70	21.35	21.56	972300
20061222	21.83	22.01	21.45	21.57	1300400
20061221	22.35	22.49	21.80	21.87	1507500
20061220	22.31	22.59	22.19	22.31	1362300
20061219	22.32	22.63	21.98	22.38	1151700
20061218	22.67	22.99	22.32	22.42	1975900
20061215	22.95	23.16	22.49	22.56	3929600
20061214	22.82	23.29	22.68	22.84	2594900
20061213	23.00	23.05	22.51	22.68	1475200
20061212	22.78	22.95	22.61	22.82	1335800
20061211	22.57	23.08	22.34	22.84	1192900
20061208	22.58	22.92	22.26	22.71	2537400
20061207	22.95	23.22	22.68	22.74	2488100
20061206	22.89	23.13	22.83	22.93	1271400
20061205	22.96	23.06	22.79	23.02	3824000
20061204	22.92	23.25	22.64	22.72	2827900
20061201	22.83	23.02	22.67	22.84	5454300
20061130	22.69	22.94	22.60	22.76	2612200
20061129	22.16	22.89	22.16	22.82	2002800
20061128	22.37	22.50	22.06	22.27	2371700
20061127	22.90	22.92	22.20	22.32	2491700
20061124	22.78	23.05	22.76	23.00	920400
20061122	22.88	23.09	22.75	22.97	1418100
20061121	22.71	22.98	22.71	22.98	1400200
20061120	22.64	23.16	22.64	22.99	1730400
20061117	22.78	22.96	22.67	22.86	1412500
20061116	23.00	23.00	22.66	22.84	1333500
20061115	22.87	23.10	22.68	22.75	2541500
20061114	22.43	22.80	22.26	22.80	1660800
20061113	22.17	22.70	22.17	22.60	1193300
20061110	22.28	22.38	22.17	22.25	1229700
20061109	22.63	22.63	22.11	22.21	1179300
20061108	22.56	22.75	22.38	22.49	2360500
20061107	22.46	22.93	22.27	22.71	2959200
20061106	22.02	23.00	22.02	22.60	3597900
20061103	22.00	22.15	21.45	21.94	2647000
20061102	22.00	22.19	22.00	22.10	1562200
20061101	22.21	22.45	22.03	22.13	2516500
20061031	21.96	22.20	21.73	22.07	1576500
20061030	22.23	22.40	21.90	21.91	1223800
20061027	22.09	22.59	22.03	22.19	1958000
20061026	22.09	22.28	22.00	22.18	1577400
20061025	21.40	22.14	21.27	22.00	2781300
20061024	22.37	22.55	21.44	21.51	6999700
20061023	22.01	22.65	22.00	22.48	24096500
20061020	21.98	22.07	21.98	22.00	1468600
20061019	21.88	22.10	21.80	22.04	1369600
20061018	22.25	22.34	21.52	21.97	4207000
20061017	21.56	21.78	21.55	21.70	1384800
20061016	21.09	21.82	21.09	21.66	2032900
20061013	21.02	21.28	20.97	21.16	1102000
20061012	20.93	21.35	20.70	21.16	4408100
20061011	21.19	21.23	20.77	21.03	1098300
20061010	21.10	21.40	20.98	21.35	1157700
20061009	20.73	21.24	20.59	21.16	1566500
20061006	20.60	20.98	20.43	20.81	1184800
20061005	20.40	20.88	20.32	20.75	1261200
20061004	20.30	20.63	20.30	20.50	1363900
20061003	20.09	20.59	19.85	20.46	2366000
20061002	20.44	20.71	20.06	20.19	1598000
20060929	20.52	20.60	20.12	20.38	2394500
20060928	20.07	20.50	20.02	20.44	2098600
20060927	19.78	20.50	19.53	20.22	3837000
20060926	19.76	20.00	19.56	19.97	1530000
20060925	19.70	20.04	19.45	19.84	2680300
20060922	19.64	19.80	19.43	19.75	1316100
20060921	19.64	19.91	19.40	19.76	1308100
20060920	19.85	19.99	19.40	19.68	1424300
20060919	19.79	20.00	19.53	19.89	1576300
20060918	19.75	20.00	19.75	19.84	1030500
20060915	19.85	19.99	19.70	19.91	2546500
20060914	19.58	19.88	19.54	19.84	1746400
20060913	19.70	19.85	19.57	19.80	1125800
20060912	19.45	19.98	19.39	19.80	2580400
20060911	19.59	19.59	19.45	19.53	2853200
20060908	19.64	19.72	19.45	19.59	4103800
20060907	19.36	19.64	19.25	19.57	2425600
20060906	19.15	19.52	19.14	19.50	3005200
20060905	19.10	19.24	19.10	19.18	2263700
20060901	18.87	19.23	18.87	19.15	797000
20060831	18.64	19.12	18.63	19.06	2962800
20060830	18.53	18.82	18.33	18.76	2985200
20060829	18.40	18.50	18.19	18.49	1508600
20060828	18.23	18.50	18.21	18.47	1508400
20060825	18.39	18.53	18.27	18.29	1844400
20060824	18.38	18.58	18.37	18.50	1841400
20060823	18.24	18.64	18.24	18.50	1518800
20060822	18.33	18.62	18.29	18.42	956200
20060821	18.22	18.54	18.22	18.46	1443600
20060818	18.37	18.50	18.10	18.44	1761400
20060817	17.99	18.50	17.87	18.45	1737100
20060816	17.90	18.15	17.88	18.06	1188400
20060815	17.63	18.13	17.30	17.94	1936700
20060814	17.67	17.93	17.54	17.66	685900
20060811	17.72	17.88	17.62	17.76	1293800
20060810	17.45	18.01	17.31	17.88	2897300
20060809	16.70	17.63	16.70	17.62	4592800
20060808	16.50	16.75	16.50	16.59	621500
20060807	16.38	16.61	16.37	16.59	1343200
20060804	16.35	16.63	16.35	16.45	1549800
20060803	16.20	16.59	16.20	16.48	1711000
20060802	16.31	16.44	16.30	16.36	2657800
20060801	16.30	16.46	16.25	16.34	2737500
20060731	16.36	16.70	16.36	16.47	961400
20060728	16.44	16.74	16.43	16.48	1324100
20060727	16.39	16.64	16.21	16.57	1102700
20060726	16.51	16.76	16.40	16.40	1128900
20060725	16.50	16.79	16.47	16.77	1487800
20060724	16.75	16.78	16.53	16.59	1546600
20060721	16.75	16.75	16.41	16.55	2519400
20060720	16.50	16.80	16.30	16.76	1376800
20060719	16.20	16.89	16.18	16.80	3613300
20060718	16.17	16.38	16.11	16.28	960200
20060717	16.24	16.51	16.18	16.23	1860800
20060714	16.87	17.03	15.84	16.39	2967800
20060713	16.79	17.02	16.79	16.86	2600700
20060712	17.15	17.18	16.85	16.97	2531200
20060711	17.17	17.23	17.15	17.16	4821000
20060710	17.17	17.26	17.17	17.17	2485200
20060707	17.17	17.23	17.13	17.23	3111700
20060706	17.22	17.29	17.16	17.22	3230800
20060705	17.17	17.30	17.17	17.23	2269400
20060703	16.98	17.25	16.95	17.25	744900
20060630	17.20	17.33	17.18	17.26	8482500
20060629	17.20	17.35	17.20	17.23	4051600
20060628	17.16	17.28	17.12	17.22	5357500
20060627	17.04	17.25	17.04	17.17	2319800
20060626	17.23	17.30	17.10	17.17	927100
20060623	17.14	17.34	17.02	17.15	2853300
20060622	17.20	17.40	17.05	17.24	3202300
20060621	17.00	17.43	17.00	17.33	2993200
20060620	17.04	17.30	16.86	17.15	4057800
20060619	16.90	17.10	16.81	17.01	5452400
20060616	16.77	17.14	16.66	17.01	2553700
20060615	16.76	17.05	16.76	16.90	5979700
20060614	16.65	16.98	16.28	16.80	5415800
20060613	17.51	17.82	16.63	16.71	7818100
20060612	17.80	17.85	17.38	17.46	3722500
20060609	17.85	17.94	17.80	17.83	3110000
20060608	17.83	17.97	17.83	17.90	7204200
20060607	17.93	18.01	17.90	17.97	9546200
20060606	17.90	18.13	17.90	17.97	4287900
20060605	18.02	18.15	17.94	17.96	3302900
20060602	18.17	18.30	18.01	18.13	2910900
20060601	17.85	18.33	17.85	18.27	4985100
20060531	17.94	18.10	17.94	17.96	7524800
20060530	18.16	18.38	17.95	17.97	5869000
20060526	18.04	18.19	18.02	18.17	2044000
20060525	18.02	18.21	18.02	18.15	4319700
20060524	18.00	18.11	17.83	18.09	7940000
20060523	18.10	18.35	18.00	18.01	7831500
20060522	18.20	18.23	18.00	18.04	6733000
20060519	18.01	18.40	18.00	18.17	5427800
20060518	18.20	18.24	17.99	18.02	7033900
20060517	18.22	18.46	18.11	18.18	3137500
20060516	18.03	18.52	18.03	18.50	3214500
20060515	17.85	18.28	17.60	18.15	5755900
20060512	18.50	18.70	18.20	18.25	3227800
20060511	18.04	19.30	18.04	18.88	5539400
20060510	20.25	20.25	19.21	19.45	3658200