Date	Open	High	Low	Close	Volume
20130923	3.90	3.91	3.84	3.86	37683900
20130920	3.96	3.99	3.92	3.94	56067400
20130919	3.88	3.97	3.88	3.96	49546800
20130918	3.85	3.88	3.83	3.87	55077500
20130917	3.83	3.88	3.83	3.86	32712900
20130916	3.84	3.87	3.81	3.83	45182800
20130913	3.79	3.85	3.78	3.81	40424000
20130912	3.86	3.88	3.75	3.77	40832700
20130911	3.84	3.88	3.82	3.87	40910300
20130910	3.83	3.85	3.81	3.85	29714600
20130909	3.76	3.83	3.76	3.80	37554400
20130906	3.80	3.83	3.75	3.75	62147700
20130905	3.71	3.80	3.71	3.80	43589100
20130904	3.64	3.70	3.63	3.69	31869500
20130903	3.60	3.64	3.59	3.64	26895800
20130830	3.62	3.63	3.57	3.58	30273500
20130829	3.58	3.66	3.57	3.63	26165000
20130828	3.56	3.60	3.55	3.58	26826800
20130827	3.62	3.63	3.56	3.56	44829400
20130826	3.71	3.73	3.66	3.67	26186300
20130823	3.68	3.71	3.62	3.70	29357400
20130822	3.67	3.70	3.63	3.67	19256800
20130821	3.67	3.72	3.65	3.66	26391800
20130820	3.63	3.71	3.60	3.67	28904400
20130819	3.70	3.72	3.60	3.61	34937100
20130816	3.70	3.72	3.68	3.70	27746900
20130815	3.76	3.77	3.68	3.69	39741900
20130814	3.80	3.81	3.76	3.76	31878600
20130813	3.84	3.85	3.80	3.80	30224700
20130812	3.83	3.85	3.81	3.83	22196200
20130809	3.78	3.83	3.78	3.82	23238300
20130808	3.81	3.82	3.76	3.80	27838800
20130807	3.82	3.83	3.77	3.79	28962300
20130806	3.79	3.84	3.78	3.83	31584500
20130805	3.82	3.84	3.78	3.79	37220500
20130802	3.78	3.84	3.76	3.84	41560800
20130801	3.78	3.79	3.75	3.78	25155800
20130731	3.70	3.77	3.69	3.74	33140700
20130730	3.76	3.77	3.70	3.70	29612100
20130729	3.74	3.79	3.71	3.75	34072000
20130726	3.75	3.81	3.72	3.76	41869700
20130725	3.73	3.78	3.66	3.78	69193600
20130724	3.69	3.69	3.60	3.68	47779000
20130723	3.67	3.68	3.64	3.68	24887100
20130722	3.64	3.68	3.62	3.68	32203300
20130719	3.70	3.72	3.60	3.64	56823900
20130718	3.64	3.72	3.62	3.69	41863400
20130717	3.67	3.68	3.62	3.63	51002800
20130716	3.66	3.69	3.60	3.67	54709900
20130715	3.75	3.77	3.66	3.66	54940000
20130712	3.65	3.73	3.64	3.72	45932300
20130711	3.62	3.65	3.60	3.64	49636900
20130710	3.61	3.62	3.54	3.59	46109200
20130709	3.53	3.60	3.51	3.60	81507700
20130708	3.40	3.49	3.39	3.48	49952500
20130705	3.48	3.50	3.36	3.38	59695200
20130703	3.43	3.47	3.38	3.47	35222000
20130702	3.38	3.45	3.36	3.44	51184800
20130701	3.35	3.40	3.30	3.38	37961500
20130628	3.39	3.47	3.31	3.35	160125800
20130627	3.35	3.43	3.34	3.40	58801800
20130626	3.22	3.34	3.21	3.33	59228200
20130625	3.26	3.28	3.18	3.20	78198500
20130624	3.10	3.25	3.04	3.22	93120700
20130621	3.30	3.33	3.13	3.15	151648700
20130620	3.33	3.33	3.25	3.27	65868800
20130619	3.41	3.48	3.35	3.37	70849500
20130618	3.34	3.46	3.34	3.40	54847700
20130617	3.28	3.40	3.27	3.34	52903200
20130614	3.30	3.35	3.27	3.27	49073600
20130613	3.23	3.33	3.21	3.29	77079100
20130612	3.35	3.36	3.21	3.24	74233200
20130611	3.34	3.39	3.32	3.34	49965000
20130610	3.48	3.49	3.36	3.40	55161800
20130607	3.41	3.52	3.38	3.46	66813100
20130606	3.31	3.42	3.31	3.39	102799800
20130605	3.39	3.39	3.29	3.30	87614700
20130604	3.46	3.47	3.37	3.41	98090800
20130603	3.50	3.50	3.37	3.46	72905400
20130531	3.56	3.56	3.48	3.49	60954700
20130530	3.56	3.59	3.54	3.57	38057200
20130529	3.57	3.59	3.52	3.56	76872100
20130528	3.60	3.63	3.56	3.59	59143800
20130524	3.54	3.58	3.51	3.58	51228000
20130523	3.49	3.55	3.43	3.55	58975300
20130522	3.52	3.58	3.50	3.54	45736700
20130521	3.53	3.54	3.48	3.52	50410500
20130520	3.49	3.56	3.49	3.50	45306200
20130517	3.49	3.51	3.43	3.50	46559500
20130516	3.57	3.57	3.45	3.45	54723000
20130515	3.47	3.59	3.47	3.53	112569000
20130514	3.42	3.47	3.41	3.45	43699900
20130513	3.37	3.43	3.37	3.40	29281500
20130510	3.39	3.41	3.38	3.39	23786200
20130509	3.36	3.40	3.36	3.39	24933700
20130508	3.39	3.42	3.35	3.37	28765500
20130507	3.40	3.41	3.37	3.39	29732100
20130506	3.37	3.41	3.36	3.39	49873300
20130503	3.33	3.39	3.32	3.36	38811900
20130502	3.34	3.35	3.28	3.30	43912600
20130501	3.23	3.39	3.23	3.36	96495400
20130430	3.12	3.25	3.12	3.25	127843800
20130429	3.14	3.15	3.06	3.07	47023700
20130426	3.12	3.15	3.12	3.12	25159200
20130425	3.15	3.15	3.11	3.12	32276400
20130424	3.12	3.15	3.12	3.14	23707800
20130423	3.02	3.11	3.01	3.11	30846800
20130422	3.01	3.03	2.98	3.03	19830500
20130419	2.98	3.01	2.97	3.01	20803900
20130418	3.00	3.01	2.97	2.99	34270700
20130417	3.02	3.03	2.98	3.00	63221100
20130416	3.04	3.06	3.04	3.05	27959900
20130415	3.08	3.09	3.01	3.03	57509800
20130412	3.17	3.17	3.08	3.08	37879400
20130411	3.15	3.20	3.13	3.16	43456900
20130410	3.07	3.13	3.06	3.13	38375100
20130409	3.05	3.08	3.05	3.07	28933000
20130408	3.00	3.05	3.00	3.04	25526800
20130405	2.96	3.02	2.95	3.01	33983900
20130404	3.06	3.07	2.97	3.00	61882100
20130403	3.07	3.08	3.05	3.07	48477500
20130402	3.08	3.09	3.07	3.08	31800500
20130401	3.08	3.09	3.06	3.08	24156500
20130328	3.08	3.08	3.05	3.08	46926900
20130327	3.07	3.09	3.05	3.08	45019200
20130326	3.07	3.10	3.06	3.09	39647700
20130325	3.11	3.12	3.07	3.07	28630800
20130322	3.10	3.11	3.07	3.11	26338500
20130321	3.08	3.12	3.06	3.10	47190400
20130320	3.07	3.12	3.07	3.09	45449200
20130319	3.11	3.12	3.06	3.06	47283800
20130318	3.09	3.12	3.05	3.10	68563100
20130315	3.15	3.16	3.11	3.11	67007700
20130314	3.14	3.17	3.13	3.15	31112900
20130313	3.19	3.20	3.13	3.14	38340100
20130312	3.19	3.21	3.18	3.19	28752700
20130311	3.21	3.22	3.17	3.20	39366400
20130308	3.23	3.24	3.20	3.21	31030200
20130307	3.25	3.25	3.21	3.21	42571900
20130306	3.25	3.25	3.22	3.24	55969800
20130305	3.20	3.24	3.19	3.23	65694200
20130304	3.13	3.20	3.12	3.20	62786700
20130301	3.10	3.18	3.09	3.14	86650200
20130228	3.08	3.17	3.08	3.11	105433100
20130227	3.07	3.10	3.03	3.08	35758900
20130226	2.99	3.10	2.97	3.06	79007400
20130225	3.06	3.10	3.03	3.03	59791400
20130222	3.08	3.09	3.05	3.05	31044000
20130221	3.11	3.11	3.02	3.07	82791500
20130220	3.17	3.20	3.08	3.10	55855700
20130219	3.16	3.19	3.15	3.17	33361200
20130215	3.16	3.19	3.15	3.15	24647900
20130214	3.18	3.21	3.17	3.17	36539300
20130213	3.20	3.23	3.19	3.20	42954200
20130212	3.14	3.20	3.13	3.19	91225800
20130211	3.13	3.16	3.13	3.14	40721400
20130208	3.17	3.17	3.11	3.12	51063100
20130207	3.13	3.16	3.10	3.15	63167100
20130206	3.20	3.20	3.15	3.16	49055800
20130205	3.13	3.21	3.11	3.20	116697500
20130204	3.23	3.24	3.16	3.17	55860600
20130201	3.17	3.25	3.16	3.23	82599000
20130131	3.14	3.18	3.13	3.14	38961400
20130130	3.13	3.18	3.12	3.15	44489200
20130129	3.15	3.15	3.12	3.13	30078100
20130128	3.15	3.16	3.12	3.15	30619100
20130125	3.11	3.15	3.09	3.15	33795000
20130124	3.12	3.12	3.08	3.09	65253400
20130123	3.14	3.15	3.11	3.12	37916100
20130122	3.17	3.17	3.13	3.15	45634900
20130118	3.19	3.19	3.15	3.16	39746200
20130117	3.14	3.16	3.13	3.15	38342400
20130116	3.14	3.16	3.12	3.12	28336100
20130115	3.15	3.16	3.14	3.14	39529700
20130114	3.15	3.18	3.14	3.15	88397100
20130111	3.12	3.18	3.11	3.16	142619100
20130110	3.14	3.19	3.12	3.13	83789400
20130109	3.15	3.16	3.09	3.12	71475000
20130108	3.07	3.14	3.06	3.14	72547300
20130107	3.11	3.12	3.06	3.08	49237700
20130104	3.09	3.15	3.06	3.10	107412400
20130103	3.04	3.10	2.99	3.08	80051000
20130102	2.95	3.04	2.95	3.02	84920500
20121231	2.88	2.91	2.88	2.89	47769300
20121228	2.89	2.92	2.88	2.89	33521600
20121227	2.93	2.95	2.90	2.91	29660200
20121226	2.94	2.96	2.92	2.93	19111000
20121224	2.93	2.95	2.93	2.95	15452500
20121221	2.92	2.97	2.90	2.95	57791200
20121220	2.95	3.00	2.94	2.99	46522800
20121219	2.97	3.00	2.90	2.96	125925700
20121218	2.97	3.01	2.94	2.96	89536700
20121217	2.86	2.93	2.85	2.92	85154000
20121214	2.75	2.93	2.68	2.91	121952500
20121213	2.78	2.82	2.74	2.77	66917300
20121212	2.74	2.79	2.72	2.78	41906700
20121211	2.76	2.78	2.72	2.73	57753800
20121210	2.78	2.78	2.73	2.74	44711800
20121207	2.81	2.82	2.75	2.76	74722800
20121206	2.85	2.85	2.79	2.79	120929900
20121205	2.78	2.81	2.73	2.77	89687900
20121204	2.82	2.85	2.73	2.76	100809200
20121203	2.79	2.83	2.79	2.80	56158200
20121130	2.76	2.79	2.75	2.77	82226800
20121129	2.72	2.75	2.71	2.74	55847500
20121128	2.70	2.75	2.67	2.70	103141700
20121127	2.75	2.78	2.69	2.70	58037300
20121126	2.76	2.80	2.76	2.76	51314400
20121123	2.76	2.80	2.76	2.78	18814800
20121121	2.78	2.82	2.72	2.73	58311200
20121120	2.70	2.79	2.70	2.77	80772400
20121119	2.71	2.74	2.69	2.70	81250900
20121116	2.64	2.71	2.60	2.69	85725200
20121115	2.71	2.72	2.55	2.65	123923300
20121114	2.80	2.80	2.68	2.70	67156800
20121113	2.75	2.84	2.74	2.79	85218100
20121112	2.77	2.81	2.75	2.78	49171200
20121109	2.74	2.78	2.69	2.75	64404400
20121108	2.75	2.78	2.66	2.67	62959800
20121107	2.79	2.80	2.67	2.74	104087200
20121106	2.86	2.86	2.80	2.81	58531200
20121105	2.90	2.90	2.82	2.83	56486500
20121102	2.85	2.94	2.84	2.90	68394600
20121101	2.81	2.96	2.81	2.81	126075700
20121031	2.84	2.84	2.74	2.80	60666300
20121026	2.85	2.89	2.81	2.82	73283100
20121025	2.92	2.92	2.79	2.85	101791900
20121024	2.85	2.93	2.84	2.89	82832400
20121023	2.88	2.88	2.80	2.87	47708900
20121022	2.94	2.95	2.85	2.91	73920800
20121019	2.95	2.97	2.88	2.92	137924800
20121018	2.84	2.97	2.82	2.94	174368000
20121017	2.86	2.86	2.80	2.84	62085500
20121016	2.81	2.85	2.78	2.84	87593800
20121015	2.78	2.80	2.76	2.80	59002200
20121012	2.74	2.78	2.70	2.78	57938100
20121011	2.77	2.79	2.73	2.73	73285700
20121010	2.65	2.76	2.64	2.75	224157900
20121009	2.69	2.71	2.63	2.63	88306300
20121008	2.67	2.69	2.65	2.67	31861900
20121005	2.70	2.73	2.64	2.69	52142800
20121004	2.75	2.75	2.68	2.70	43013400
20121003	2.65	2.73	2.64	2.73	92608000
20121002	2.65	2.68	2.60	2.62	89117100
20121001	2.59	2.62	2.56	2.57	59937800
20120928	2.58	2.60	2.54	2.59	56929200
20120927	2.51	2.60	2.51	2.59	77743800
20120926	2.47	2.53	2.44	2.50	72934900
20120925	2.51	2.53	2.47	2.48	66968800
20120924	2.53	2.54	2.50	2.51	43077200
20120921	2.56	2.58	2.53	2.54	62655600
20120920	2.47	2.59	2.43	2.57	117410200
20120919	2.42	2.49	2.41	2.49	74679500
20120918	2.37	2.43	2.33	2.43	97448600
20120917	2.44	2.45	2.38	2.39	53669300
20120914	2.49	2.52	2.44	2.47	52613300
20120913	2.40	2.49	2.39	2.48	69193300
20120912	2.50	2.50	2.40	2.43	93766300
20120911	2.49	2.51	2.46	2.50	73609500
20120910	2.51	2.53	2.50	2.51	26044600
20120907	2.54	2.56	2.51	2.53	54965100
20120906	2.53	2.56	2.52	2.54	32701600
20120905	2.54	2.55	2.49	2.52	29522100
20120904	2.53	2.55	2.51	2.54	39627500
20120831	2.51	2.54	2.49	2.53	46258300
20120830	2.53	2.54	2.51	2.54	36268900
20120829	2.52	2.55	2.51	2.54	41354400
20120828	2.55	2.55	2.52	2.53	35931300
20120827	2.55	2.56	2.50	2.54	98676000
20120824	2.48	2.55	2.47	2.54	47136700
20120823	2.54	2.54	2.48	2.50	46559900
20120822	2.56	2.58	2.55	2.56	22930500
20120821	2.60	2.62	2.56	2.57	36490200
20120820	2.60	2.64	2.56	2.56	68035700
20120817	2.60	2.60	2.55	2.56	35728200
20120816	2.55	2.60	2.51	2.59	85855400
20120815	2.56	2.57	2.48	2.55	81718800
20120814	2.52	2.54	2.47	2.53	83453000
20120813	2.49	2.52	2.48	2.51	75479600
20120810	2.38	2.49	2.37	2.48	137657800
20120809	2.49	2.49	2.33	2.40	121589500
20120808	2.28	2.51	2.28	2.48	325221900
20120807	2.25	2.34	2.22	2.30	191528600
20120806	2.17	2.23	2.17	2.20	67440700
20120803	2.13	2.17	2.12	2.16	31141200
20120802	2.14	2.16	2.10	2.11	31491100
20120801	2.18	2.18	2.09	2.15	34384600
20120731	2.19	2.20	2.14	2.16	25607100
20120730	2.18	2.20	2.15	2.19	32261100
20120727	2.12	2.17	2.10	2.16	68744900
20120726	2.11	2.13	2.08	2.11	51842200
20120725	2.05	2.11	2.04	2.08	42978800
20120724	2.07	2.08	2.03	2.04	17295300
20120723	2.07	2.10	2.06	2.08	21794500
20120720	2.12	2.13	2.08	2.10	44160400
20120719	2.12	2.16	2.10	2.11	46912000
20120718	2.08	2.13	2.07	2.11	37493900
20120717	2.08	2.10	2.02	2.09	49838900
20120716	2.04	2.08	2.04	2.07	30744700
20120713	2.06	2.10	2.01	2.05	45088100
20120712	2.01	2.08	1.99	2.07	38368800
20120711	2.04	2.07	2.02	2.03	23080200
20120710	2.08	2.09	2.02	2.05	43589400
20120709	2.11	2.12	2.05	2.08	49088000
20120706	2.08	2.09	2.02	2.05	29737100
20120705	2.04	2.13	2.04	2.09	52421200
20120703	1.99	2.08	1.98	2.04	53607900
20120702	1.84	1.99	1.84	1.99	67844600
20120629	1.88	1.89	1.82	1.85	37077600
20120628	1.85	1.87	1.84	1.86	18565400
20120627	1.83	1.89	1.83	1.87	17438600
20120626	1.82	1.85	1.82	1.84	23484400
20120625	1.89	1.90	1.80	1.82	48695500
20120622	1.87	1.92	1.87	1.89	41127000
20120621	1.91	1.92	1.87	1.88	35697200
20120620	1.90	1.92	1.88	1.92	22354800
20120619	1.82	1.92	1.81	1.91	55735400
20120618	1.85	1.86	1.81	1.84	41876100
20120615	1.85	1.87	1.82	1.87	37764400
20120614	1.82	1.86	1.80	1.86	32808300
20120613	1.86	1.88	1.81	1.83	32189900
20120612	1.87	1.89	1.85	1.86	19714300
20120611	1.87	1.88	1.86	1.86	12338100
20120608	1.85	1.90	1.85	1.86	16212300
20120607	1.91	1.95	1.86	1.86	36693100
20120606	1.90	1.92	1.90	1.92	29312500
20120605	1.86	1.90	1.86	1.89	30780600
20120604	1.84	1.90	1.84	1.90	35089000
20120601	1.85	1.94	1.83	1.84	34021200
20120531	1.91	1.93	1.86	1.89	56843100
20120530	1.90	1.91	1.84	1.89	42631400
20120529	1.95	1.96	1.90	1.93	30791500
20120525	1.97	1.97	1.92	1.93	19853700
20120524	1.97	1.99	1.95	1.99	25381700
20120523	1.92	2.00	1.91	1.99	46219700
20120522	2.01	2.02	1.89	1.96	53459100
20120521	1.85	1.98	1.83	1.98	56664300
20120518	1.80	1.90	1.79	1.89	97471200
20120517	1.95	1.97	1.78	1.83	176573500
20120516	1.96	2.02	1.96	1.96	62255200
20120515	2.02	2.02	1.97	1.98	86497300
20120514	2.09	2.11	1.97	2.02	92140700
20120511	2.17	2.18	2.12	2.13	36654700
20120510	2.20	2.21	2.12	2.18	91606300
20120509	2.12	2.19	2.07	2.18	144002700
20120508	2.24	2.25	2.07	2.14	160538300
20120507	2.13	2.18	2.11	2.17	92897800
20120504	2.19	2.24	2.13	2.16	88074800
20120503	2.23	2.25	2.18	2.21	37081300
20120502	2.24	2.27	2.21	2.25	42908800
20120501	2.26	2.31	2.22	2.23	99041600
20120430	2.21	2.27	2.21	2.26	51685300
20120427	2.20	2.24	2.16	2.21	39673300
20120426	2.20	2.22	2.15	2.20	32880600
20120425	2.22	2.22	2.19	2.21	22566700
20120424	2.17	2.20	2.16	2.19	40985700
20120423	2.20	2.21	2.11	2.14	49841800
20120420	2.23	2.24	2.20	2.23	46576600
20120419	2.26	2.27	2.21	2.24	35521900
20120418	2.22	2.27	2.21	2.27	30766300
20120417	2.19	2.26	2.18	2.24	56156900
20120416	2.23	2.25	2.15	2.17	61396400
20120413	2.24	2.25	2.22	2.23	22630700
20120412	2.24	2.26	2.23	2.26	35032100
20120411	2.27	2.28	2.23	2.25	35796900
20120410	2.32	2.33	2.19	2.22	76080200
20120409	2.31	2.34	2.29	2.33	32605400
20120405	2.28	2.35	2.28	2.35	60999500
20120404	2.30	2.33	2.24	2.29	94894200
20120403	2.36	2.39	2.31	2.33	105015900
20120402	2.31	2.41	2.30	2.40	140953700
20120330	2.28	2.33	2.26	2.31	112852400
20120329	2.24	2.25	2.20	2.21	54649400
20120328	2.25	2.27	2.23	2.24	40812500
20120327	2.24	2.26	2.20	2.25	75270100
20120326	2.26	2.28	2.23	2.25	52621000
20120323	2.26	2.27	2.25	2.26	15500600
20120322	2.26	2.27	2.25	2.27	13233100
20120321	2.26	2.27	2.25	2.26	9825500
20120320	2.25	2.28	2.25	2.26	21137500
20120319	2.26	2.28	2.25	2.27	21903500
20120316	2.27	2.28	2.26	2.26	27871100
20120315	2.29	2.30	2.27	2.28	27787200
20120314	2.30	2.31	2.28	2.29	21376200
20120313	2.34	2.34	2.28	2.29	49336200
20120312	2.35	2.35	2.29	2.32	36635600
20120309	2.33	2.36	2.32	2.35	64074300
20120308	2.26	2.30	2.26	2.30	43292400
20120307	2.23	2.26	2.22	2.25	25199400
20120306	2.23	2.24	2.20	2.22	48754500
20120305	2.34	2.35	2.25	2.26	50428900
20120302	2.23	2.34	2.22	2.31	104398700
20120301	2.27	2.28	2.23	2.23	47316500
20120229	2.25	2.28	2.23	2.26	93896500
20120228	2.24	2.25	2.17	2.22	55313300
20120227	2.19	2.25	2.17	2.23	63727700
20120224	2.10	2.20	2.09	2.20	115626400
20120223	2.10	2.12	2.09	2.10	36590400
20120222	2.11	2.12	2.08	2.09	54145800
20120221	2.14	2.15	2.11	2.12	40007600
20120217	2.15	2.16	2.13	2.15	33295000
20120216	2.14	2.16	2.14	2.15	18968400
20120215	2.16	2.18	2.14	2.14	40130600
20120214	2.14	2.17	2.13	2.15	34597000
20120213	2.15	2.16	2.13	2.15	30155600
20120210	2.14	2.19	2.13	2.15	49788400
20120209	2.16	2.20	2.13	2.19	114360600
20120208	2.12	2.19	2.10	2.19	104175400
20120207	2.14	2.14	2.09	2.12	57474500
20120206	2.14	2.16	2.13	2.15	27930300
20120203	2.14	2.16	2.13	2.15	67181900
20120202	2.16	2.16	2.11	2.12	30994100
20120201	2.10	2.16	2.09	2.14	74000300
20120131	2.05	2.09	2.03	2.08	66841800
20120130	2.03	2.04	2.00	2.03	75044000
20120127	2.05	2.07	2.04	2.04	55812200
20120126	2.10	2.12	2.06	2.08	91136600
20120125	2.10	2.10	2.06	2.08	72228500
20120124	2.09	2.15	2.07	2.08	40936800
20120123	2.04	2.12	2.03	2.10	49936000
20120120	2.15	2.15	2.08	2.10	56977000
20120119	2.16	2.18	2.14	2.16	63362600
20120118	2.13	2.17	2.13	2.16	63145400
20120117	2.16	2.19	2.14	2.16	65423200
20120113	2.11	2.17	2.11	2.14	81275100
20120112	2.05	2.12	2.04	2.11	71261900
20120111	2.04	2.06	2.02	2.04	36889800
20120110	2.07	2.09	2.04	2.05	59659100
20120109	2.02	2.08	2.00	2.05	75565300
20120106	2.05	2.06	1.97	2.00	46052400
20120105	1.90	2.04	1.88	2.04	121839100
20120104	1.85	1.92	1.80	1.83	69355400
20120103	1.84	1.88	1.83	1.86	44067300
20111230	1.81	1.83	1.81	1.82	19715300
20111229	1.81	1.83	1.80	1.82	20435700
20111228	1.81	1.83	1.80	1.81	23433300
20111227	1.80	1.82	1.79	1.82	20157400
20111223	1.79	1.81	1.78	1.81	17511700
20111222	1.80	1.82	1.79	1.79	19702200
20111221	1.81	1.82	1.79	1.80	20248100
20111220	1.83	1.84	1.80	1.83	34494900
20111219	1.78	1.83	1.78	1.81	39485700
20111216	1.80	1.81	1.77	1.77	35300800
20111215	1.80	1.82	1.76	1.78	26881200
20111214	1.78	1.80	1.76	1.76	32360100
20111213	1.80	1.85	1.79	1.80	44373000
20111212	1.73	1.82	1.72	1.77	44775200
20111209	1.74	1.82	1.73	1.75	66693700
20111208	1.77	1.78	1.70	1.70	38614000
20111207	1.80	1.80	1.76	1.78	35246000
20111206	1.81	1.82	1.78	1.79	25188200
20111205	1.87	1.88	1.80	1.81	40136600
20111202	1.91	1.92	1.84	1.86	39259600
20111201	1.81	1.88	1.79	1.88	81789300
20111130	1.77	1.83	1.75	1.80	75020100
20111129	1.76	1.79	1.72	1.72	23041400
20111128	1.80	1.81	1.76	1.77	35663900
20111125	1.74	1.79	1.72	1.75	26015400
20111123	1.85	1.85	1.72	1.74	82776500
20111122	1.88	1.92	1.81	1.87	101797400
20111121	1.75	1.89	1.75	1.85	123380100
20111118	1.77	1.83	1.76	1.78	86927700
20111117	1.71	1.75	1.69	1.74	99720000
20111116	1.68	1.71	1.65	1.66	44625200
20111115	1.67	1.69	1.67	1.69	23978100
20111114	1.70	1.72	1.68	1.68	42518200
20111111	1.68	1.72	1.68	1.70	42000700
20111110	1.68	1.70	1.61	1.69	61880800
20111109	1.72	1.75	1.64	1.64	147264100
20111108	1.73	1.75	1.67	1.75	84763700
20111107	1.70	1.73	1.69	1.70	41262700
20111104	1.65	1.73	1.64	1.68	66508500
20111103	1.69	1.71	1.65	1.65	71697700
20111102	1.76	1.77	1.67	1.68	74459200
20111101	1.69	1.83	1.65	1.73	92701500
20111031	1.82	1.83	1.79	1.79	48466100
20111028	1.82	1.85	1.81	1.84	29806500
20111027	1.84	1.86	1.80	1.83	102172500
20111026	1.82	1.84	1.76	1.79	33635900
20111025	1.80	1.84	1.79	1.80	31823700
20111024	1.81	1.84	1.78	1.84	43744100
20111021	1.78	1.84	1.75	1.78	45095000
20111020	1.73	1.77	1.70	1.75	62349800
20111019	1.77	1.78	1.72	1.72	35203100
20111018	1.77	1.80	1.75	1.77	82159100
20111017	1.83	1.86	1.75	1.77	59834000
20111014	1.76	1.80	1.74	1.80	73757500
20111013	1.72	1.74	1.67	1.72	44306200
20111012	1.70	1.75	1.68	1.71	58672800
20111011	1.64	1.72	1.63	1.66	47438800
20111010	1.54	1.66	1.53	1.65	65709500
20111007	1.53	1.57	1.51	1.52	64861800
20111006	1.45	1.57	1.45	1.51	86823900
20111005	1.49	1.49	1.41	1.47	46116200
20111004	1.40	1.52	1.27	1.47	180121700
20111003	1.47	1.57	1.44	1.45	97860200
20110930	1.46	1.54	1.44	1.51	76102100
20110929	1.70	1.70	1.46	1.49	194048800
20110928	1.70	1.74	1.65	1.66	66332300
20110927	1.71	1.74	1.69	1.69	74348600
20110926	1.74	1.74	1.61	1.67	135362300
20110923	1.68	1.72	1.67	1.70	57109700
20110922	1.75	1.77	1.66	1.68	135236700
20110921	1.80	1.89	1.79	1.81	72942000
20110920	1.81	1.82	1.78	1.78	32937500
20110919	1.79	1.81	1.78	1.80	45026400
20110916	1.84	1.86	1.81	1.83	48734300
20110915	1.80	1.84	1.77	1.84	84453000
20110914	1.71	1.85	1.70	1.80	189837100
20110913	1.69	1.72	1.68	1.69	44643800
20110912	1.68	1.72	1.66	1.67	57389600
20110909	1.72	1.76	1.70	1.72	29528800
20110908	1.77	1.83	1.72	1.75	61047100
20110907	1.73	1.80	1.72	1.80	46897600
20110906	1.67	1.70	1.66	1.69	33991900
20110902	1.72	1.76	1.71	1.72	33390100
20110901	1.81	1.86	1.76	1.76	62466700
20110831	1.83	1.87	1.78	1.80	77433600
20110830	1.78	1.83	1.77	1.80	105427400
20110829	1.73	1.81	1.73	1.81	64385200
20110826	1.67	1.73	1.65	1.70	64524800
20110825	1.75	1.79	1.68	1.69	63220500
20110824	1.66	1.78	1.65	1.75	128046000
20110823	1.70	1.71	1.59	1.69	190844100
20110822	1.81	1.83	1.66	1.71	137449500
20110819	1.72	1.82	1.70	1.77	94251700
20110818	1.85	1.87	1.77	1.78	120934800
20110817	1.93	1.95	1.91	1.92	94117900
20110816	1.89	1.92	1.87	1.91	106069600
20110815	1.92	1.93	1.88	1.90	95255600
20110812	1.89	1.95	1.86	1.87	99470400
20110811	1.76	1.88	1.75	1.86	97756000
20110810	1.76	1.79	1.72	1.73	94399500
20110809	1.71	1.80	1.66	1.80	126037800
20110808	1.69	1.79	1.63	1.65	183301000
20110805	1.94	2.01	1.73	1.89	163306400
20110804	2.04	2.04	1.94	1.94	129757900
20110803	2.08	2.10	1.96	2.07	101808300
20110802	2.18	2.22	2.02	2.07	139876600
20110801	2.22	2.22	2.06	2.11	138808700
20110729	2.04	2.13	1.99	2.11	114485700
20110728	2.11	2.19	2.07	2.08	79065200
20110727	2.16	2.16	2.09	2.12	52568800
20110726	2.16	2.20	2.14	2.14	33671400
20110725	2.12	2.22	2.10	2.14	58078400
20110722	2.20	2.21	2.16	2.16	27118700
20110721	2.19	2.21	2.17	2.20	61996500
20110720	2.23	2.24	2.17	2.18	54423600
20110719	2.25	2.29	2.20	2.21	95345200
20110718	2.31	2.33	2.21	2.24	65512300
20110715	2.27	2.35	2.25	2.33	126180500
20110714	2.25	2.27	2.21	2.25	175092700
20110713	2.21	2.27	2.20	2.25	55022800
20110712	2.19	2.21	2.16	2.19	48001100
20110711	2.27	2.30	2.17	2.21	144646800
20110708	2.17	2.23	2.15	2.22	37570100
20110707	2.19	2.23	2.18	2.22	37772500
20110706	2.17	2.18	2.13	2.16	36768700
20110705	2.23	2.25	2.17	2.18	70001400
20110701	2.23	2.25	2.18	2.19	64873900
20110630	2.13	2.25	2.12	2.19	115013400
20110629	2.08	2.10	2.04	2.10	80213700
20110628	2.02	2.07	2.01	2.04	48671300
20110627	1.97	2.01	1.93	2.00	45394700
20110624	2.09	2.09	1.98	1.98	78575000
20110623	1.99	2.05	1.97	2.04	86571800
20110622	2.02	2.10	2.01	2.04	63244400
20110621	1.93	2.02	1.93	2.00	63296300
20110620	1.89	1.92	1.88	1.92	34153300
20110617	1.96	1.97	1.87	1.92	63416000
20110616	1.95	1.96	1.90	1.94	74283700
20110615	1.92	1.99	1.89	1.95	97417100
20110614	1.95	1.98	1.92	1.96	66332900
20110613	1.99	2.00	1.86	1.91	169417600
20110610	2.08	2.10	1.99	2.00	82199700
20110609	2.03	2.10	1.98	2.08	64383400
20110608	2.13	2.13	1.98	2.03	125723400
20110607	2.14	2.18	2.12	2.15	63054100
20110606	2.17	2.20	2.10	2.13	100107400
20110603	2.20	2.21	2.16	2.18	125190300
20110602	2.29	2.31	2.22	2.24	83031900
20110601	2.35	2.35	2.26	2.27	91400100
20110531	2.41	2.44	2.33	2.35	292055400
20110527	2.36	2.38	2.35	2.37	40392000
20110526	2.35	2.39	2.31	2.34	77065600
20110525	2.33	2.42	2.28	2.33	173074200
20110524	2.24	2.29	2.20	2.27	127097200
20110523	2.21	2.25	2.19	2.20	77500000
20110520	2.25	2.26	2.20	2.22	55242000
20110519	2.21	2.25	2.19	2.23	80528300
20110518	2.13	2.20	2.12	2.18	74625100
20110517	2.20	2.21	2.07	2.14	126477400
20110516	2.22	2.24	2.16	2.18	106963400
20110513	2.28	2.29	2.22	2.24	69676800
20110512	2.27	2.34	2.25	2.28	92100000
20110511	2.36	2.42	2.27	2.31	173800000
20110510	2.19	2.36	2.16	2.35	114800400
20110509	2.24	2.25	2.15	2.19	95402300
20110506	2.15	2.23	2.15	2.22	166469000
20110505	2.13	2.17	2.09	2.12	100000000
20110504	2.05	2.14	2.05	2.13	87884700
20110503	1.96	2.09	1.96	2.07	243900000
20110502	2.00	2.03	1.90	1.91	147952300
20110429	1.97	2.00	1.96	1.99	47514100
20110428	1.97	2.00	1.96	1.98	56900000
20110427	1.94	1.98	1.93	1.98	64533200
20110426	1.97	2.00	1.96	1.97	62900000
20110425	1.94	1.96	1.91	1.96	53316700
20110421	1.88	1.93	1.86	1.93	69001900
20110420	1.85	1.87	1.84	1.87	50019300
20110419	1.81	1.84	1.80	1.83	24044800
20110418	1.80	1.83	1.79	1.80	45142200
20110415	1.81	1.84	1.81	1.84	27075400
20110414	1.81	1.83	1.79	1.81	30764900
20110413	1.83	1.85	1.80	1.84	44933300
20110412	1.77	1.81	1.75	1.81	32151100
20110411	1.76	1.80	1.76	1.78	51618700
20110408	1.78	1.79	1.75	1.76	29720200
20110407	1.83	1.84	1.75	1.76	70805600
20110406	1.79	1.86	1.79	1.84	100914300
20110405	1.69	1.78	1.68	1.78	77137500
20110404	1.64	1.70	1.62	1.70	33867500
20110401	1.67	1.68	1.63	1.65	42543100
20110331	1.69	1.70	1.62	1.65	100067500
20110330	1.72	1.73	1.71	1.72	28579000
20110329	1.71	1.73	1.71	1.73	17594900
20110328	1.71	1.73	1.68	1.72	38780900
20110325	1.70	1.72	1.69	1.72	26930200
20110324	1.65	1.71	1.64	1.70	45094300
20110323	1.66	1.68	1.63	1.67	66626400
20110322	1.72	1.72	1.70	1.71	21208200
20110321	1.71	1.73	1.70	1.72	34168900
20110318	1.75	1.76	1.67	1.71	72227000
20110317	1.74	1.76	1.72	1.73	29551800
20110316	1.75	1.77	1.70	1.73	66856000
20110315	1.72	1.77	1.70	1.75	66536400
20110314	1.77	1.79	1.75	1.77	30393300
20110311	1.75	1.79	1.74	1.79	23416600
20110310	1.77	1.79	1.75	1.77	34919700
20110309	1.73	1.81	1.73	1.80	60530300
20110308	1.76	1.76	1.69	1.76	72170800
20110307	1.80	1.83	1.71	1.74	97138200
20110304	1.81	1.83	1.78	1.81	41310700
20110303	1.80	1.83	1.80	1.82	44920900
20110302	1.73	1.80	1.73	1.78	37968400
20110301	1.83	1.83	1.74	1.75	49655000
20110228	1.79	1.81	1.77	1.81	61605800
20110225	1.72	1.78	1.71	1.77	56755000
20110224	1.68	1.72	1.67	1.71	36643900
20110223	1.73	1.74	1.63	1.68	78247400
20110222	1.78	1.79	1.71	1.72	67867200
20110218	1.79	1.81	1.78	1.81	34868900
20110217	1.83	1.84	1.80	1.81	46289300
20110216	1.73	1.85	1.72	1.81	165021800
20110215	1.72	1.76	1.65	1.69	164414500
20110214	1.87	1.88	1.80	1.83	90462800
20110211	1.77	1.85	1.76	1.84	59241300
20110210	1.75	1.78	1.74	1.77	21783600
20110209	1.78	1.79	1.75	1.77	34351000
20110208	1.80	1.81	1.78	1.78	30672400
20110207	1.77	1.80	1.76	1.79	52121600
20110204	1.78	1.79	1.72	1.75	67221600
20110203	1.76	1.80	1.75	1.77	95136800
20110202	1.66	1.73	1.65	1.72	143861900
20110201	1.62	1.65	1.61	1.63	48019200
20110131	1.61	1.68	1.58	1.62	79791400
20110128	1.61	1.65	1.61	1.62	44611000
20110127	1.62	1.62	1.60	1.62	25656900
20110126	1.59	1.61	1.58	1.60	25738300
20110125	1.58	1.59	1.56	1.58	33456200
20110124	1.57	1.61	1.54	1.58	51143100
20110121	1.53	1.55	1.52	1.55	27019500
20110120	1.52	1.53	1.49	1.52	33579100
20110119	1.57	1.57	1.53	1.54	30434200
20110118	1.56	1.59	1.55	1.57	31483100
20110114	1.53	1.58	1.53	1.56	50229700
20110113	1.55	1.56	1.53	1.53	42327600
20110112	1.59	1.59	1.54	1.56	40909400
20110111	1.60	1.61	1.56	1.57	50374500
20110110	1.59	1.60	1.56	1.58	32485600
20110107	1.64	1.64	1.59	1.61	47942800
20110106	1.67	1.67	1.62	1.64	39762000
20110105	1.67	1.68	1.65	1.65	48480000
20110104	1.74	1.74	1.65	1.67	79608600
20110103	1.67	1.72	1.66	1.69	84297100
20101231	1.63	1.65	1.62	1.63	27573200
20101230	1.64	1.65	1.61	1.63	27942000
20101229	1.65	1.69	1.64	1.65	63681500
20101228	1.56	1.63	1.52	1.63	51987500
20101227	1.60	1.60	1.55	1.55	36435300
20101223	1.62	1.69	1.58	1.61	105711200
20101222	1.51	1.60	1.49	1.60	113493600
20101221	1.41	1.49	1.40	1.48	57364400
20101220	1.40	1.41	1.39	1.41	18023700
20101217	1.37	1.40	1.37	1.40	36495900
20101216	1.39	1.40	1.35	1.39	27753300
20101215	1.38	1.40	1.38	1.39	32153500
20101214	1.39	1.39	1.38	1.39	18973500
20101213	1.40	1.40	1.38	1.38	29878000
20101210	1.40	1.40	1.37	1.40	37235700
20101209	1.41	1.44	1.36	1.39	188146600
20101208	1.36	1.37	1.31	1.32	75396500
20101207	1.39	1.39	1.36	1.36	28196300
20101206	1.38	1.39	1.37	1.38	19131300
20101203	1.38	1.38	1.37	1.37	16342700
20101202	1.40	1.40	1.37	1.39	19709000
20101201	1.39	1.40	1.38	1.39	18190000
20101130	1.38	1.41	1.37	1.37	49850600
20101129	1.40	1.40	1.37	1.40	27898200
20101126	1.38	1.40	1.38	1.40	7105800
20101124	1.39	1.40	1.38	1.38	20929800
20101123	1.37	1.39	1.35	1.37	29596000
20101122	1.39	1.40	1.36	1.39	14677900
20101119	1.40	1.40	1.38	1.40	29400900
20101118	1.38	1.42	1.35	1.40	91610700
20101117	1.38	1.40	1.32	1.35	44811800
20101116	1.37	1.38	1.35	1.37	55286900
20101115	1.45	1.46	1.37	1.39	90271900
20101112	1.41	1.44	1.40	1.42	43321800
20101111	1.41	1.45	1.39	1.44	61514200
20101110	1.50	1.51	1.45	1.46	64071800
20101109	1.57	1.57	1.48	1.49	72910000
20101108	1.55	1.57	1.53	1.55	57157700
20101105	1.49	1.53	1.49	1.53	85908500
20101104	1.58	1.61	1.43	1.47	185963400
20101103	1.57	1.57	1.51	1.57	93066300
20101102	1.57	1.59	1.54	1.57	83727000
20101101	1.55	1.58	1.51	1.54	91059500
20101029	1.45	1.50	1.45	1.50	90580300
20101028	1.42	1.47	1.42	1.43	85848100
20101027	1.39	1.40	1.37	1.40	40008800
20101026	1.35	1.39	1.33	1.39	25306200
20101025	1.32	1.36	1.30	1.35	34983000
20101022	1.28	1.32	1.24	1.31	54041200
20101021	1.34	1.35	1.29	1.30	65149600
20101020	1.34	1.37	1.33	1.35	73786800
20101019	1.36	1.37	1.33	1.34	63034800
20101018	1.37	1.39	1.34	1.38	38128200
20101015	1.41	1.41	1.34	1.38	61936700
20101014	1.41	1.42	1.38	1.40	46114200
20101013	1.38	1.44	1.35	1.40	156624800
20101012	1.34	1.35	1.31	1.35	45288400
20101011	1.30	1.34	1.29	1.34	48246900
20101008	1.27	1.31	1.27	1.29	55140300
20101007	1.26	1.29	1.26	1.29	34402700
20101006	1.28	1.29	1.24	1.27	78454600
20101005	1.28	1.31	1.26	1.28	109319000
20101004	1.22	1.28	1.22	1.27	95339700
20101001	1.20	1.24	1.18	1.24	122399100
20100930	1.20	1.20	1.18	1.20	34624900
20100929	1.17	1.19	1.17	1.18	25833600
20100928	1.16	1.18	1.16	1.18	20563200
20100927	1.19	1.20	1.15	1.16	49949500
20100924	1.18	1.20	1.17	1.18	46563900
20100923	1.11	1.17	1.10	1.16	57720800
20100922	1.15	1.16	1.11	1.12	36685800
20100921	1.18	1.20	1.14	1.16	77483800
20100920	1.13	1.18	1.13	1.18	84876200
20100917	1.11	1.13	1.10	1.13	63732200
20100916	1.10	1.14	1.09	1.10	55139900
20100915	1.05	1.13	1.05	1.11	101088200
20100914	1.04	1.06	1.04	1.05	40716600
20100913	1.05	1.06	1.04	1.06	45244600
20100910	1.04	1.05	1.03	1.05	48742200
20100909	1.04	1.05	1.04	1.05	48749300
20100908	1.02	1.05	1.01	1.05	75230100
20100907	0.99	1.02	0.99	1.01	59217500
20100903	1.00	1.01	0.99	1.01	83070900
20100902	0.99	1.00	0.98	0.99	113319600
20100901	0.97	0.99	0.96	0.99	142369100
20100831	0.95	0.97	0.95	0.96	76909200
20100830	0.98	0.99	0.96	0.96	101869800
20100827	0.97	0.99	0.95	0.99	228882100
20100826	0.99	1.00	0.96	0.96	109179000
20100825	0.96	1.00	0.96	0.99	168467800
20100824	0.97	0.98	0.96	0.96	168403600
20100823	0.99	1.00	0.98	0.99	96602400
20100820	0.99	1.00	0.97	0.97	116633800
20100819	1.00	1.02	0.99	0.99	58284900
20100818	1.00	1.01	0.99	0.99	30068500
20100817	1.00	1.01	0.96	1.00	39029300
20100816	0.99	1.01	0.99	1.00	47971000
20100813	0.99	1.01	0.99	1.00	45616500
20100812	0.97	1.01	0.97	1.01	83558000
20100811	1.00	1.00	0.98	0.98	99066600
20100810	1.02	1.03	1.01	1.02	37694700
20100809	1.05	1.06	1.03	1.04	35873100
20100806	1.04	1.06	1.03	1.05	29051000
20100805	1.06	1.06	1.05	1.06	37421900
20100804	1.05	1.06	1.02	1.06	90315000
20100803	1.04	1.05	1.00	1.01	57938900
20100802	1.03	1.05	1.02	1.05	48696700
20100730	0.99	1.03	0.98	1.03	34538200
20100729	1.00	1.02	0.99	0.99	40745200
20100728	1.02	1.02	1.00	1.00	27626100
20100727	1.03	1.03	1.00	1.02	27133500
20100726	0.99	1.02	0.97	1.02	108224000
20100723	0.96	0.98	0.94	0.98	143967700
20100722	0.96	0.98	0.95	0.95	59111900
20100721	0.97	0.99	0.94	0.95	88634500
20100720	0.92	0.97	0.92	0.97	85702200
20100719	0.95	0.96	0.91	0.92	92251600
20100716	0.96	0.97	0.95	0.95	47628500
20100715	0.97	0.98	0.95	0.97	35397600
20100714	0.98	0.98	0.95	0.97	48278000
20100713	0.99	0.99	0.96	0.97	55699500
20100712	0.99	1.00	0.94	0.96	64196000
20100709	1.01	1.01	0.98	1.00	50940000
20100708	1.01	1.02	0.99	1.01	78479000
20100707	0.99	1.01	0.97	1.00	72135900
20100706	0.95	0.97	0.92	0.94	66038300
20100702	0.93	0.98	0.92	0.96	45475100
20100701	0.95	0.95	0.90	0.93	80707600
20100630	0.98	0.98	0.94	0.95	59072600
20100629	1.02	1.02	0.95	0.96	106035300
20100628	1.05	1.06	1.04	1.05	40887700
20100625	1.07	1.10	1.03	1.09	405174600
20100624	1.06	1.07	1.04	1.07	55126200
20100623	1.07	1.07	1.00	1.06	58339100
20100622	1.08	1.09	1.06	1.07	34699200
20100621	1.05	1.08	1.04	1.08	61518600
20100618	1.03	1.05	1.02	1.04	35181800
20100617	1.02	1.04	1.02	1.04	33182500
20100616	0.99	1.03	0.99	1.01	43694800
20100615	1.00	1.02	0.97	1.01	88805500
20100614	1.03	1.06	0.98	1.00	63385800
20100611	1.01	1.03	1.00	1.01	37488800
20100610	0.97	1.01	0.97	1.01	45236100
20100609	0.95	0.98	0.95	0.96	33860600
20100608	0.97	0.99	0.92	0.95	98254700
20100607	0.98	0.99	0.94	0.97	60674600
20100604	1.00	1.00	0.97	0.98	46417100
20100603	1.02	1.02	0.99	1.01	32810000
20100602	1.01	1.02	0.98	1.00	76897500
20100601	1.02	1.03	1.00	1.01	24411800
20100528	1.00	1.03	0.99	1.03	44628800
20100527	0.98	1.03	0.97	1.00	84715600
20100526	1.02	1.03	0.88	0.88	148430400
20100525	0.95	1.01	0.93	0.99	100708700
20100524	1.04	1.04	1.00	1.01	26724900
20100521	0.92	1.04	0.91	1.03	74387700
20100520	1.01	1.01	0.90	0.97	110969100
20100519	1.07	1.07	1.02	1.05	61168800
20100518	1.11	1.12	1.06	1.09	40700100
20100517	1.10	1.13	1.07	1.09	67083500
20100514	1.04	1.07	1.02	1.07	55098900
20100513	1.07	1.07	1.05	1.06	22355500
20100512	1.06	1.07	1.05	1.07	35115900
20100511	1.06	1.10	1.04	1.05	77091900
20100510	1.08	1.09	1.04	1.08	114573400
20100507	1.03	1.06	0.95	1.01	112915400
20100506	1.10	1.11	0.86	1.02	230330400
20100505	1.13	1.14	1.09	1.12	104818200
20100504	1.16	1.19	1.11	1.18	145871600
20100503	1.19	1.25	1.16	1.23	111803800
20100430	1.20	1.20	1.15	1.18	61495200
20100429	1.19	1.20	1.18	1.20	43568000
20100428	1.17	1.18	1.14	1.16	64047900
20100427	1.22	1.22	1.13	1.15	122512300
20100426	1.12	1.20	1.10	1.20	124958000
20100423	1.10	1.12	1.09	1.12	35504800
20100422	1.08	1.10	1.05	1.09	45168400
20100421	1.15	1.15	1.09	1.10	64235500
20100420	1.09	1.15	1.09	1.13	100060800
20100419	1.07	1.08	1.07	1.08	36338600
20100416	1.10	1.13	1.03	1.08	124589400
20100415	1.10	1.18	1.10	1.11	252020100
20100414	1.01	1.09	1.00	1.07	256968300
20100413	0.97	0.99	0.94	0.96	205387500
20100412	1.00	1.03	0.97	0.97	157237300
20100409	1.00	1.02	0.98	0.99	226878900
20100408	0.97	1.02	0.97	0.98	245894400
20100407	0.88	0.96	0.87	0.95	609834500
20100406	0.86	0.88	0.86	0.87	146504800
20100405	0.86	0.88	0.85	0.86	237218800
20100401	0.88	0.90	0.84	0.84	225721000
20100331	0.84	0.87	0.82	0.87	213312700
20100330	0.84	0.86	0.82	0.84	181639300
20100329	0.87	0.87	0.84	0.84	142046300
20100326	0.88	0.89	0.85	0.86	169157200
20100325	0.89	0.92	0.87	0.87	219181400
20100324	0.89	0.90	0.86	0.88	162572800
20100323	0.88	0.89	0.85	0.87	122932400
20100322	0.82	0.90	0.79	0.86	237281000
20100319	0.87	0.87	0.82	0.83	180474400
20100318	0.88	0.90	0.86	0.86	123220300
20100317	0.91	0.91	0.88	0.89	129731200
20100316	0.92	0.93	0.90	0.91	94266800
20100315	0.92	0.95	0.89	0.92	149628200
20100312	0.91	0.93	0.89	0.91	107235900
20100311	0.94	0.94	0.90	0.91	74424500
20100310	0.92	0.94	0.91	0.93	99672700
20100309	0.90	0.91	0.87	0.91	167970200
20100308	0.95	0.97	0.90	0.90	140223300
20100305	0.95	0.96	0.93	0.94	173961700
20100304	0.97	0.99	0.93	0.93	154356200
20100303	0.92	0.98	0.88	0.95	276454200
20100302	0.85	0.95	0.82	0.89	310063500
20100301	0.96	1.01	0.89	0.89	245165800
20100226	1.09	1.09	0.98	1.02	146165600
20100225	1.09	1.10	1.05	1.07	121456200
20100224	1.13	1.14	1.09	1.10	75336500
20100223	1.11	1.12	1.04	1.12	100718100
20100222	1.13	1.14	1.09	1.09	89556500
20100219	1.14	1.15	1.07	1.08	124280600
20100218	1.10	1.18	1.07	1.13	191224400
20100217	1.00	1.15	0.98	1.05	185662100
20100216	0.91	0.98	0.91	0.96	153815100
20100212	0.88	0.90	0.87	0.89	85716800
20100211	0.86	0.89	0.85	0.88	90764600
20100210	0.88	0.88	0.85	0.85	64058400
20100209	0.85	0.87	0.84	0.86	58160400
20100208	0.87	0.90	0.83	0.84	89451700
20100205	0.85	0.87	0.82	0.86	72104600
20100204	0.83	0.87	0.82	0.85	116805600
20100203	0.92	0.94	0.85	0.86	127509600
20100202	0.92	0.95	0.90	0.91	148743200
20100201	0.86	0.89	0.84	0.88	75620200
20100129	0.85	0.88	0.81	0.84	118382600
20100128	0.75	0.82	0.75	0.82	109490800
20100127	0.72	0.74	0.71	0.74	41709300
20100126	0.72	0.73	0.69	0.71	48357200
20100125	0.70	0.71	0.68	0.68	17489500
20100122	0.70	0.70	0.67	0.69	30388700
20100121	0.73	0.73	0.70	0.70	37397000
20100120	0.72	0.74	0.71	0.73	71429200
20100119	0.66	0.67	0.65	0.67	21084600
20100115	0.68	0.68	0.66	0.67	12368600
20100114	0.67	0.68	0.66	0.68	18847600
20100113	0.68	0.68	0.67	0.67	13024200
20100112	0.68	0.69	0.67	0.68	25365500
20100111	0.68	0.69	0.66	0.69	34036900
20100108	0.67	0.67	0.65	0.67	15728100
20100107	0.69	0.70	0.66	0.67	36858900
20100106	0.70	0.71	0.65	0.69	53162200
20100105	0.66	0.69	0.65	0.69	54622100
20100104	0.61	0.66	0.61	0.65	40902900
20091231	0.58	0.60	0.57	0.60	19501000
20091230	0.59	0.60	0.57	0.58	14415400
20091229	0.60	0.61	0.59	0.59	17747000
20091228	0.58	0.60	0.58	0.60	18127300
20091224	0.58	0.59	0.58	0.59	6739000
20091223	0.57	0.61	0.56	0.58	23577000
20091222	0.57	0.58	0.56	0.57	23534200
20091221	0.59	0.59	0.56	0.57	29227500
20091218	0.61	0.61	0.58	0.60	24137400
20091217	0.61	0.62	0.60	0.60	13088700
20091216	0.61	0.62	0.61	0.62	12833000
20091215	0.60	0.62	0.60	0.62	15004800
20091214	0.61	0.62	0.60	0.61	19939500
20091211	0.61	0.61	0.60	0.61	17660500
20091210	0.61	0.62	0.61	0.61	13547900
20091209	0.62	0.63	0.62	0.62	11109800
20091208	0.62	0.63	0.62	0.63	15074300
20091207	0.62	0.64	0.62	0.63	9628200
20091204	0.63	0.64	0.63	0.63	15120700
20091203	0.63	0.64	0.62	0.63	15804400
20091202	0.65	0.65	0.63	0.64	14056600
20091201	0.63	0.64	0.63	0.64	20526500
20091130	0.62	0.63	0.61	0.63	20776000
20091127	0.62	0.63	0.60	0.63	9775000
20091125	0.63	0.64	0.63	0.63	7714300
20091124	0.64	0.64	0.62	0.63	10958800
20091123	0.63	0.64	0.62	0.63	20095000
20091120	0.62	0.64	0.60	0.63	22019100
20091119	0.63	0.64	0.62	0.63	18616600
20091118	0.64	0.65	0.63	0.64	20581500
20091117	0.65	0.66	0.64	0.65	16625500
20091116	0.68	0.68	0.65	0.66	28059300
20091113	0.67	0.68	0.66	0.67	27063000
20091112	0.65	0.67	0.65	0.66	47180800
20091111	0.62	0.63	0.62	0.63	16992200
20091110	0.63	0.64	0.61	0.62	20306000
20091109	0.63	0.65	0.61	0.63	26675900
20091106	0.62	0.64	0.60	0.63	32788200
20091105	0.65	0.69	0.62	0.64	84340600
20091104	0.61	0.63	0.60	0.61	27619400
20091103	0.59	0.62	0.58	0.60	28468700
20091102	0.59	0.59	0.57	0.59	18967100
20091030	0.59	0.60	0.57	0.59	15533100
20091029	0.57	0.59	0.57	0.58	14209900
20091028	0.58	0.58	0.56	0.57	23421500
20091027	0.60	0.60	0.56	0.59	23051900
20091026	0.60	0.61	0.58	0.59	25585400
20091023	0.61	0.61	0.59	0.59	12089200
20091022	0.62	0.62	0.59	0.61	15894500
20091021	0.64	0.64	0.60	0.61	29332700
20091020	0.63	0.64	0.63	0.63	21862600
20091019	0.61	0.63	0.60	0.62	30715800
20091016	0.57	0.61	0.57	0.59	41784000
20091015	0.57	0.58	0.56	0.58	16106800
20091014	0.56	0.58	0.56	0.58	21407900
20091013	0.56	0.57	0.55	0.56	16381200
20091012	0.55	0.57	0.55	0.56	19340000
20091009	0.55	0.57	0.54	0.55	19253500
20091008	0.55	0.57	0.54	0.56	25954800
20091007	0.55	0.56	0.51	0.55	68458000
20091006	0.60	0.60	0.57	0.58	33530700
20091005	0.60	0.61	0.59	0.60	22824200
20091002	0.58	0.60	0.56	0.60	41504400
20091001	0.63	0.63	0.59	0.60	39473700
20090930	0.63	0.64	0.60	0.64	30822600
20090929	0.59	0.63	0.59	0.62	40025700
20090928	0.60	0.61	0.57	0.60	84643900
20090925	0.63	0.64	0.61	0.63	34492500
20090924	0.67	0.67	0.62	0.64	48633600
20090923	0.69	0.69	0.67	0.68	23775800
20090922	0.67	0.69	0.65	0.68	31904900
20090921	0.66	0.67	0.65	0.66	28336400
20090918	0.67	0.68	0.65	0.68	40466600
20090917	0.70	0.71	0.67	0.69	42096200
20090916	0.68	0.70	0.68	0.70	50726200
20090915	0.66	0.68	0.65	0.67	28686600
20090914	0.65	0.66	0.64	0.65	29241100
20090911	0.68	0.68	0.65	0.66	34984600
20090910	0.69	0.69	0.67	0.68	27716500
20090909	0.67	0.70	0.66	0.69	43415300
20090908	0.67	0.67	0.66	0.66	27493900
20090904	0.63	0.65	0.63	0.65	40196700
20090903	0.63	0.63	0.60	0.62	34981900
20090902	0.63	0.65	0.58	0.61	75529800
20090901	0.69	0.69	0.64	0.66	59261400
20090831	0.68	0.69	0.66	0.67	33821000
20090828	0.70	0.71	0.69	0.69	42976300
20090827	0.68	0.70	0.66	0.69	55007200
20090826	0.70	0.70	0.63	0.66	108380800
20090825	0.73	0.74	0.67	0.70	77849600
20090824	0.74	0.77	0.69	0.73	109891900
20090821	0.75	0.78	0.69	0.70	175461300
20090820	0.63	0.70	0.62	0.68	138055200
20090819	0.57	0.63	0.56	0.60	98565400
20090818	0.55	0.58	0.55	0.57	41406200
20090817	0.55	0.56	0.53	0.54	40548400
20090814	0.55	0.58	0.54	0.57	56192100
20090813	0.52	0.55	0.51	0.54	74271100
20090812	0.50	0.52	0.50	0.51	34390300
20090811	0.53	0.53	0.49	0.50	47153000
20090810	0.48	0.53	0.48	0.53	64525400
20090807	0.53	0.53	0.48	0.49	73665700
20090806	0.52	0.54	0.46	0.53	98324700
20090805	0.57	0.60	0.53	0.54	133816400
20090804	0.48	0.55	0.48	0.54	110752600
20090803	0.46	0.48	0.46	0.48	51785400
20090731	0.42	0.45	0.42	0.45	43554900
20090730	0.43	0.43	0.42	0.42	15427000
20090729	0.43	0.43	0.42	0.43	21726200
20090728	0.41	0.43	0.41	0.43	20551200
20090727	0.41	0.42	0.40	0.42	20682500
20090724	0.42	0.42	0.40	0.41	14432000
20090723	0.40	0.43	0.40	0.42	65646700
20090722	0.38	0.40	0.38	0.39	30920400
20090721	0.40	0.42	0.37	0.37	57381200
20090720	0.40	0.40	0.39	0.40	32355800
20090717	0.40	0.41	0.39	0.39	17767300
20090716	0.41	0.42	0.39	0.41	22611800
20090715	0.39	0.41	0.39	0.40	35947500
20090714	0.39	0.40	0.38	0.38	19597500
20090713	0.38	0.41	0.38	0.38	30817900
20090710	0.40	0.40	0.37	0.37	41956800
20090709	0.41	0.42	0.39	0.39	31419600
20090708	0.42	0.42	0.39	0.40	39375100
20090707	0.45	0.45	0.41	0.42	38288500
20090706	0.46	0.48	0.44	0.44	61844100
20090702	0.45	0.47	0.44	0.45	35834600
20090701	0.44	0.48	0.35	0.46	106942700
20090630	0.43	0.44	0.42	0.43	22347600
20090629	0.43	0.44	0.40	0.42	62904200
20090626	0.45	0.47	0.30	0.36	432449900
20090625	0.39	0.48	0.39	0.46	206208100
20090624	0.38	0.41	0.37	0.40	93587100
20090623	0.38	0.38	0.36	0.37	41250800
20090622	0.37	0.38	0.35	0.35	44044800
20090619	0.35	0.36	0.34	0.34	36816900
20090618	0.43	0.44	0.34	0.34	110520800
20090617	0.33	0.40	0.32	0.40	88390000
20090616	0.34	0.34	0.32	0.32	19826200
20090615	0.34	0.35	0.32	0.33	18143400
20090612	0.34	0.35	0.34	0.35	16543500
20090611	0.33	0.35	0.33	0.34	29642400
20090610	0.35	0.35	0.34	0.34	16959900
20090609	0.34	0.35	0.34	0.35	12136300
20090608	0.34	0.35	0.34	0.35	20673400
20090605	0.35	0.35	0.33	0.34	21629800
20090604	0.33	0.35	0.33	0.35	23979500
20090603	0.33	0.33	0.32	0.33	30639700
20090602	0.34	0.35	0.33	0.34	24158900
20090601	0.37	0.37	0.35	0.35	31700800
20090529	0.31	0.36	0.30	0.35	63053600
20090528	0.34	0.34	0.30	0.32	64076300
20090527	0.35	0.35	0.34	0.35	27924400
20090526	0.36	0.36	0.34	0.35	20198500
20090522	0.35	0.35	0.34	0.35	16438300
20090521	0.35	0.36	0.34	0.35	23007700
20090520	0.39	0.39	0.35	0.36	37633500
20090519	0.36	0.38	0.34	0.37	48866100
20090518	0.37	0.37	0.34	0.34	48499600
20090515	0.37	0.37	0.34	0.35	40622300
20090514	0.37	0.37	0.35	0.36	51807600
20090513	0.38	0.39	0.37	0.37	53655100
20090512	0.41	0.42	0.39	0.40	45828800
20090511	0.42	0.43	0.40	0.40	46162400
20090508	0.43	0.43	0.40	0.41	62920600
20090507	0.54	0.55	0.40	0.43	158697400
20090506	0.51	0.53	0.49	0.53	116661300
20090505	0.42	0.47	0.41	0.47	91723600
20090504	0.40	0.41	0.39	0.40	36835700
20090501	0.39	0.40	0.38	0.39	32392600
20090430	0.41	0.42	0.38	0.39	39587300
20090429	0.39	0.41	0.38	0.40	37462900
20090428	0.41	0.41	0.37	0.39	74554700
20090427	0.43	0.43	0.40	0.41	55775300
20090424	0.43	0.44	0.42	0.43	41950200
20090423	0.46	0.47	0.41	0.41	46776300
20090422	0.44	0.46	0.43	0.43	58813500
20090421	0.48	0.50	0.40	0.41	116221000
20090420	0.54	0.63	0.48	0.49	192568000
20090417	0.44	0.53	0.43	0.50	156144200
20090416	0.38	0.42	0.38	0.41	68360300
20090415	0.37	0.38	0.36	0.38	37908900
20090414	0.36	0.36	0.34	0.35	30227100
20090413	0.35	0.36	0.35	0.36	23731000
20090409	0.34	0.36	0.33	0.35	37367200
20090408	0.34	0.34	0.33	0.33	18324500
20090407	0.35	0.36	0.33	0.34	18175400
20090406	0.35	0.36	0.34	0.36	21487600
20090403	0.35	0.37	0.35	0.35	31290200
20090402	0.35	0.37	0.34	0.36	51285300
20090401	0.33	0.35	0.32	0.35	28789700
20090331	0.35	0.36	0.33	0.35	31593300
20090330	0.34	0.36	0.30	0.35	42616200
20090327	0.38	0.39	0.37	0.37	22481100
20090326	0.37	0.40	0.36	0.39	37189000
20090325	0.38	0.39	0.34	0.36	66295300
20090324	0.33	0.37	0.32	0.36	57580200
20090323	0.34	0.35	0.32	0.33	44243500
20090320	0.31	0.31	0.25	0.31	79126700
20090319	0.40	0.41	0.22	0.33	126931100
20090318	0.39	0.43	0.37	0.37	162637600
20090317	0.25	0.38	0.24	0.34	176885500
20090316	0.21	0.25	0.20	0.24	92398700
20090313	0.20	0.21	0.19	0.20	53670800
20090312	0.17	0.20	0.16	0.19	176455900
20090311	0.16	0.16	0.15	0.16	31691400
20090310	0.15	0.15	0.14	0.15	18306400
20090309	0.15	0.16	0.14	0.15	27224300
20090306	0.13	0.15	0.12	0.15	43557700
20090305	0.14	0.14	0.13	0.13	20543800
20090304	0.14	0.14	0.13	0.14	16065300
20090303	0.14	0.14	0.13	0.13	21823500
20090302	0.15	0.16	0.13	0.14	33603200
20090227	0.13	0.16	0.13	0.16	66812000
20090226	0.13	0.14	0.12	0.13	27683300
20090225	0.14	0.14	0.12	0.14	64738400
20090224	0.13	0.14	0.13	0.14	22782700
20090223	0.13	0.14	0.13	0.13	30554000
20090220	0.13	0.13	0.12	0.13	57970900
20090219	0.15	0.15	0.12	0.13	70001200
20090218	0.18	0.18	0.13	0.15	136519800
20090217	0.19	0.23	0.15	0.16	378130600
20090213	0.09	0.12	0.08	0.10	263604900
20090212	0.08	0.08	0.06	0.07	203127800
20090211	0.08	0.09	0.05	0.06	278087000
20090210	0.11	0.12	0.11	0.11	55525100
20090209	0.12	0.13	0.11	0.11	102098600
20090206	0.18	0.20	0.11	0.13	188835700
20090205	0.18	0.20	0.15	0.17	156960700
20090204	0.14	0.14	0.14	0.14	27704000
20090203	0.13	0.14	0.12	0.14	44623800
20090202	0.12	0.13	0.12	0.13	36809800
20090130	0.12	0.12	0.11	0.12	18947400
20090129	0.12	0.12	0.11	0.11	19322000
20090128	0.12	0.13	0.11	0.12	44330400
20090127	0.11	0.11	0.11	0.11	20094100
20090126	0.11	0.11	0.10	0.11	13687300
20090123	0.11	0.11	0.10	0.11	20894600
20090122	0.11	0.11	0.10	0.11	15893500
20090121	0.11	0.11	0.10	0.11	28195800
20090120	0.12	0.12	0.11	0.11	20941600
20090116	0.12	0.12	0.11	0.11	44132400
20090115	0.12	0.12	0.11	0.12	37649400
20090114	0.13	0.14	0.12	0.12	38518100
20090113	0.14	0.14	0.13	0.13	18886400
20090112	0.15	0.15	0.13	0.13	26542600
20090109	0.14	0.14	0.13	0.14	26200900
20090108	0.14	0.15	0.13	0.13	38437800
20090107	0.14	0.15	0.13	0.14	54933700
20090106	0.13	0.14	0.13	0.14	56546000
20090105	0.13	0.13	0.12	0.13	37580100
20090102	0.12	0.13	0.12	0.12	33217700
20081231	0.12	0.12	0.11	0.12	32597800
20081230	0.13	0.13	0.12	0.12	40098700
20081229	0.13	0.13	0.12	0.13	29168500
20081226	0.12	0.17	0.12	0.13	16688100
20081224	0.12	0.12	0.12	0.12	10172900
20081223	0.12	0.13	0.11	0.12	28974100
20081222	0.13	0.13	0.12	0.12	60347700
20081219	0.14	0.15	0.12	0.12	99530600
20081218	0.14	0.15	0.14	0.14	44590800
20081217	0.15	0.15	0.13	0.13	59478500
20081216	0.14	0.15	0.14	0.15	48815800
20081215	0.15	0.15	0.14	0.14	51090400
20081212	0.14	0.15	0.13	0.14	33034900
20081211	0.16	0.16	0.15	0.15	44306600
20081210	0.16	0.16	0.15	0.16	29198100
20081209	0.15	0.17	0.15	0.15	56931200
20081208	0.17	0.17	0.15	0.15	46670700
20081205	0.16	0.17	0.15	0.15	69010900
20081204	0.17	0.22	0.08	0.16	46283100
20081203	0.17	0.19	0.17	0.17	60203600
20081202	0.19	0.20	0.17	0.18	51019200
20081201	0.22	0.24	0.17	0.17	68396900
20081128	0.18	0.23	0.18	0.20	50934600
20081126	0.15	0.18	0.15	0.18	43321100
20081125	0.17	0.17	0.14	0.15	101392900
20081124	0.17	0.17	0.14	0.16	51766500
20081121	0.16	0.16	0.14	0.14	62332300
20081120	0.16	0.17	0.14	0.14	64992100
20081119	0.21	0.21	0.16	0.16	66835000
20081118	0.24	0.24	0.20	0.20	61333200
20081117	0.27	0.27	0.23	0.23	32419200
20081114	0.27	0.27	0.25	0.26	19444300
20081113	0.25	0.27	0.25	0.27	26689200
20081112	0.25	0.26	0.25	0.25	37508000
20081111	0.27	0.27	0.23	0.25	37744000
20081110	0.28	0.30	0.27	0.27	48422500
20081107	0.28	0.29	0.25	0.26	46466600
20081106	0.34	0.34	0.26	0.26	58024900
20081105	0.31	0.32	0.26	0.26	59111300
20081104	0.33	0.38	0.29	0.32	68259700
20081103	0.35	0.35	0.30	0.31	53534500
20081031	0.36	0.36	0.33	0.34	29179300
20081030	0.40	0.41	0.33	0.35	42301200
20081029	0.36	0.42	0.33	0.38	64249700
20081028	0.42	0.42	0.31	0.36	75386100
20081027	0.33	0.44	0.30	0.38	98505500
20081024	0.22	0.32	0.22	0.29	64070800
20081023	0.32	0.33	0.25	0.25	103483400
20081022	0.36	0.37	0.31	0.31	42265000
20081021	0.39	0.39	0.36	0.36	34969000
20081020	0.40	0.40	0.37	0.39	32307300
20081017	0.38	0.39	0.36	0.38	64612100
20081016	0.45	0.45	0.38	0.39	79412300
20081015	0.48	0.49	0.42	0.42	48431500
20081014	0.55	0.57	0.48	0.48	58068900
20081013	0.51	0.53	0.46	0.51	52042800
20081010	0.36	0.48	0.36	0.43	80373400
20081009	0.49	0.50	0.40	0.40	59616300
20081008	0.48	0.49	0.45	0.46	48406300
20081007	0.52	0.53	0.47	0.48	54049600
20081006	0.58	0.58	0.45	0.50	103805000
20081003	0.64	0.65	0.58	0.58	39255300
20081002	0.68	0.69	0.58	0.60	47279500
20081001	0.64	0.67	0.60	0.65	69502600
20080930	0.66	0.69	0.57	0.57	82969100
20080929	0.76	0.78	0.62	0.62	69398800
20080926	0.79	0.82	0.76	0.76	39930500
20080925	0.87	0.88	0.84	0.86	32434700
20080924	0.88	0.88	0.83	0.86	22302300
20080923	0.90	0.90	0.84	0.85	40276800
20080922	0.97	0.98	0.89	0.89	55139500
20080919	1.05	1.08	0.95	1.00	77042400
20080918	0.90	1.05	0.86	0.95	88164700
20080917	0.84	0.98	0.77	0.94	107770500
20080916	0.81	0.89	0.68	0.88	129881900
20080915	0.88	0.92	0.85	0.85	43738500
20080912	0.91	0.96	0.87	0.95	47946600
20080911	0.93	0.95	0.86	0.92	86803900
20080910	1.11	1.12	0.90	0.98	111138800
20080909	1.26	1.27	1.07	1.14	109416900
20080908	1.32	1.33	1.22	1.26	57792500
20080905	1.25	1.31	1.25	1.30	37901200
20080904	1.32	1.32	1.26	1.26	40638500
20080903	1.34	1.36	1.31	1.31	25146500
20080902	1.34	1.40	1.32	1.33	51986000
20080829	1.34	1.35	1.31	1.33	41421200
20080828	1.33	1.40	1.31	1.36	85960700
20080827	1.33	1.33	1.31	1.33	25962000
20080826	1.34	1.36	1.31	1.31	41927600
20080825	1.37	1.38	1.33	1.33	48831700
20080822	1.39	1.41	1.37	1.39	26955700
20080821	1.41	1.43	1.37	1.39	37838300
20080820	1.46	1.47	1.40	1.42	36822300
20080819	1.39	1.48	1.36	1.47	117198300
20080818	1.47	1.49	1.38	1.40	49989300
20080815	1.47	1.49	1.44	1.49	47454700
20080814	1.38	1.43	1.38	1.43	37970400
20080813	1.37	1.39	1.30	1.38	72562600
20080812	1.46	1.48	1.37	1.37	65351200
20080811	1.36	1.47	1.35	1.47	116369300
20080808	1.41	1.41	1.26	1.32	138646000
20080807	1.48	1.49	1.37	1.40	71895900
20080806	1.46	1.47	1.38	1.45	82966700
20080805	1.50	1.52	1.38	1.42	179024600
20080804	1.49	1.49	1.29	1.39	180342400
20080801	1.60	1.60	1.46	1.46	139346300
20080731	1.62	1.64	1.56	1.60	118138300
20080730	1.68	1.70	1.56	1.65	156748300
20080729	1.50	1.75	1.49	1.58	270570300
20080728	2.29	2.33	1.88	1.88	74025500
20080725	2.40	2.40	2.19	2.25	31465800
20080724	2.74	2.75	2.31	2.42	62176500
20080723	2.30	2.70	2.23	2.68	75410200
20080722	2.41	2.44	2.06	2.38	27759000
20080721	2.34	2.45	2.34	2.42	24973100
20080718	2.14	2.33	2.11	2.28	38537600
20080717	2.08	2.17	2.03	2.10	24020500
20080716	2.04	2.09	2.00	2.07	23333200
20080715	2.03	2.12	1.98	2.02	23365700
20080714	2.15	2.16	2.06	2.06	18673400
20080711	2.08	2.14	2.01	2.13	30534900
20080710	2.00	2.15	1.97	2.13	35791100
20080709	1.96	2.02	1.91	2.00	30726900
20080708	1.95	2.00	1.85	2.00	38438900
20080707	1.97	2.01	1.87	1.98	27563800
20080703	1.90	1.95	1.86	1.92	13403100
20080702	1.94	1.95	1.89	1.91	16185200
20080701	1.97	1.98	1.89	1.95	28937400
20080630	2.02	2.04	1.89	1.92	35567400
20080627	1.86	2.11	1.80	2.10	46876000
20080626	1.88	1.89	1.80	1.83	31720700
20080625	1.90	1.95	1.86	1.93	30079700
20080624	1.91	1.93	1.82	1.86	42092300
20080623	2.03	2.06	1.92	1.93	27218500
20080620	2.12	2.15	1.98	1.99	52988300
20080619	2.30	2.30	1.97	2.13	92395800
20080618	2.51	2.52	2.37	2.43	46768400
20080617	2.65	2.65	2.48	2.50	46051300
20080616	2.75	2.75	2.61	2.62	71301800
20080613	2.41	2.54	2.36	2.54	32492800
20080612	2.46	2.49	2.38	2.40	31008900
20080611	2.54	2.55	2.45	2.45	33182500
20080610	2.55	2.57	2.52	2.55	16869000
20080609	2.59	2.64	2.55	2.57	20624400
20080606	2.66	2.68	2.57	2.57	14874400
20080605	2.65	2.70	2.62	2.70	17049400
20080604	2.56	2.67	2.55	2.66	31331700
20080603	2.56	2.57	2.52	2.57	16211900
20080602	2.55	2.56	2.50	2.54	14706100
20080530	2.57	2.59	2.52	2.52	20211200
20080529	2.56	2.61	2.55	2.59	22827000
20080528	2.62	2.62	2.55	2.56	19054300
20080527	2.59	2.63	2.54	2.60	17530200
20080523	2.59	2.61	2.55	2.59	22231200
20080522	2.60	2.64	2.56	2.63	30113900
20080521	2.62	2.66	2.58	2.58	18268500
20080520	2.68	2.69	2.60	2.62	19449200
20080519	2.74	2.81	2.67	2.67	27157900
20080516	2.80	2.80	2.72	2.72	21505500
20080515	2.82	2.83	2.78	2.80	19427500
20080514	2.82	2.84	2.77	2.81	13621400
20080513	2.87	2.87	2.80	2.83	24427000
20080512	2.77	2.88	2.74	2.87	27277900
20080509	2.79	2.79	2.72	2.73	12554200
20080508	2.85	2.85	2.80	2.83	14870100
20080507	2.80	2.86	2.75	2.80	21861800
20080506	2.66	2.80	2.65	2.79	27707300
20080505	2.70	2.71	2.63	2.67	18618100
20080502	2.72	2.73	2.67	2.70	29729500
20080501	2.58	2.71	2.57	2.69	27083300
20080430	2.71	2.72	2.55	2.57	31198900
20080429	2.70	2.70	2.65	2.70	18856600
20080428	2.70	2.73	2.67	2.69	17269200
20080425	2.73	2.73	2.64	2.69	27544500
20080424	2.77	2.78	2.69	2.73	38475400
20080423	2.59	2.67	2.52	2.65	26850200
20080422	2.43	2.61	2.41	2.58	34781600
20080421	2.48	2.48	2.43	2.45	15462600
20080418	2.47	2.52	2.42	2.48	29094700
20080417	2.44	2.47	2.41	2.42	17865000
20080416	2.44	2.46	2.36	2.45	20970900
20080415	2.44	2.45	2.37	2.41	22444900
20080414	2.49	2.50	2.43	2.44	19658500
20080411	2.48	2.53	2.45	2.48	28852200
20080410	2.60	2.64	2.52	2.55	37665900
20080409	2.70	2.71	2.58	2.61	38490400
20080408	2.75	2.75	2.68	2.69	21295900
20080407	2.80	2.80	2.73	2.74	20249000
20080404	2.79	2.80	2.74	2.79	28354100
20080403	2.84	2.86	2.78	2.79	30173400
20080402	2.91	2.92	2.83	2.84	21377000
20080401	2.90	2.92	2.83	2.89	33188900
20080331	2.84	2.88	2.80	2.86	26362500
20080328	2.86	2.89	2.78	2.80	45085200
20080327	3.04	3.06	2.80	2.83	66388300
20080326	3.09	3.10	2.96	3.02	65506100
20080325	3.26	3.27	2.91	3.09	142726400
20080324	3.03	3.89	2.97	3.15	151881100
20080320	2.96	3.00	2.79	2.90	38824100
20080319	2.71	2.86	2.70	2.79	39518900
20080318	2.71	2.74	2.67	2.73	16411100
20080317	2.67	2.76	2.65	2.69	17241500
20080314	2.87	2.87	2.72	2.73	25866900
20080313	2.84	2.85	2.76	2.84	25031100
20080312	2.76	2.95	2.75	2.88	34702000
20080311	2.70	2.75	2.65	2.75	23982600
20080310	2.77	2.77	2.66	2.66	19338300
20080307	2.70	2.78	2.67	2.73	43013600
20080306	2.84	2.85	2.74	2.74	25866300
20080305	2.83	2.88	2.82	2.84	33469500
20080304	2.77	2.84	2.74	2.80	32124600
20080303	2.82	2.84	2.75	2.77	21391600
20080229	2.93	2.98	2.80	2.84	50739200
20080228	2.97	2.98	2.91	2.93	21417900
20080227	3.02	3.09	2.93	2.94	42648800
20080226	3.04	3.13	2.97	3.05	64387200
20080225	2.95	3.10	2.90	3.04	37147400
20080222	2.94	2.96	2.88	2.92	41361200
20080221	3.04	3.07	2.91	2.92	55235600
20080220	3.09	3.11	3.00	3.00	43538200
20080219	3.28	3.29	3.10	3.10	39851300
20080215	3.18	3.32	3.17	3.23	51123200
20080214	3.19	3.23	3.15	3.19	49452800
20080213	3.14	3.23	3.12	3.18	46287100
20080212	3.15	3.26	3.10	3.10	44176900
20080211	3.18	3.20	3.12	3.14	24472600
20080208	3.12	3.20	3.11	3.19	59624400
20080207	3.10	3.16	3.06	3.13	36162500
20080206	3.18	3.22	3.10	3.13	28119900
20080205	3.24	3.25	3.12	3.12	28654100
20080204	3.34	3.36	3.26	3.27	29300800
20080201	3.22	3.38	3.18	3.31	48417200
20080131	3.04	3.21	3.02	3.20	45084500
20080130	3.10	3.13	3.04	3.06	53427900
20080129	3.14	3.19	3.06	3.10	50761900
20080128	3.10	3.11	2.97	3.08	53755400
20080125	3.01	3.02	2.89	2.89	24063500
20080124	2.90	3.08	2.86	2.95	61505200
20080123	2.63	2.89	2.63	2.84	50016000
20080122	2.52	2.93	2.51	2.65	62699300
20080118	2.66	2.86	2.63	2.83	55158100
20080117	2.78	2.80	2.67	2.69	31156700
20080116	2.81	2.87	2.75	2.75	20580100
20080115	2.82	2.89	2.72	2.84	29745700
20080114	2.95	2.97	2.81	2.85	28418600
20080111	2.89	3.15	2.82	2.93	44009400
20080110	2.79	2.92	2.75	2.89	27331200
20080109	2.97	3.00	2.67	2.85	74474300
20080108	2.97	3.07	2.95	2.98	36257400
20080107	3.13	3.15	2.88	2.94	52262100
20080104	3.14	3.18	3.08	3.12	31292500
20080103	3.07	3.21	3.03	3.15	30359700
20080102	3.03	3.11	3.00	3.05	24206100
20071231	3.03	3.07	2.97	3.03	26140700
20071228	3.15	3.15	3.04	3.06	20819000
20071227	3.19	3.23	3.12	3.14	21443500
20071226	3.20	3.24	3.17	3.23	24084400
20071224	3.18	3.22	3.18	3.22	15373700
20071221	3.20	3.23	3.15	3.18	37744700
20071220	3.27	3.30	3.04	3.24	42003000
20071219	3.23	3.33	3.21	3.25	34891400
20071218	3.21	3.27	3.17	3.22	31906300
20071217	3.35	3.35	3.15	3.15	27305500
20071214	3.47	3.49	3.30	3.31	35441200
20071213	3.32	3.49	3.31	3.41	31239600
20071212	3.55	3.56	2.76	3.29	56022900
20071211	3.59	3.60	3.48	3.50	22107800
20071210	3.63	3.65	3.57	3.58	18737000
20071207	3.65	3.66	3.60	3.61	24043400
20071206	3.59	3.66	3.54	3.61	46473000
20071205	3.62	3.67	3.47	3.63	60013400
20071204	3.57	3.78	3.42	3.64	67509100
20071203	3.85	3.94	3.73	3.75	69293300
20071130	3.64	3.92	3.62	3.83	108361700
20071129	3.50	3.55	3.46	3.52	31104100
20071128	3.59	3.60	3.43	3.53	62759100
20071127	3.51	3.59	3.51	3.56	31458500
20071126	3.47	3.55	3.46	3.50	42221100
20071123	3.51	3.52	3.45	3.46	11576900
20071121	3.47	3.54	3.45	3.49	25604400
20071120	3.51	3.59	3.40	3.48	47635700
20071119	3.47	3.55	3.46	3.51	32205900
20071116	3.55	3.56	3.44	3.52	30055900
20071115	3.51	3.58	3.50	3.53	36139100
20071114	3.63	3.65	3.49	3.51	49308400
20071113	3.50	3.65	3.41	3.63	66574700
20071112	3.55	3.55	3.41	3.41	46544000
20071109	3.44	3.58	3.42	3.47	50011600
20071108	3.54	3.56	3.40	3.45	64448300
20071107	3.48	3.69	3.47	3.50	76520000
20071106	3.36	3.54	3.31	3.51	96147700
20071105	3.23	3.39	3.22	3.35	49454700
20071102	3.21	3.33	3.12	3.28	59691300
20071101	3.33	3.34	3.12	3.12	62320800
20071031	3.38	3.44	3.26	3.36	70444500
20071030	3.65	3.66	3.26	3.29	103698800
20071029	3.58	3.63	3.56	3.61	23482300
20071026	3.62	3.63	3.55	3.58	24104500
20071025	3.61	3.67	3.56	3.59	26617300
20071024	3.62	3.67	3.55	3.63	41039000
20071023	3.67	3.69	3.61	3.65	28262200
20071022	3.51	3.67	3.47	3.65	29826200
20071019	3.68	3.69	3.54	3.55	43852500
20071018	3.65	3.68	3.60	3.66	34721200
20071017	3.63	3.66	3.57	3.66	39525200
20071016	3.65	3.72	3.58	3.60	38742600
20071015	3.55	3.65	3.52	3.63	41743600
20071012	3.63	3.65	3.53	3.54	46454000
20071011	3.74	3.79	3.57	3.57	45177600
20071010	3.58	3.71	3.50	3.69	57696700
20071009	3.43	3.63	3.40	3.58	54171100
20071008	3.43	3.45	3.37	3.45	20846600
20071005	3.40	3.46	3.38	3.45	19474800
20071004	3.47	3.47	3.40	3.40	11511600
20071003	3.45	3.50	3.44	3.46	17246300
20071002	3.47	3.52	3.46	3.48	16008900
20071001	3.46	3.52	3.44	3.49	18601400
20070928	3.38	3.49	3.36	3.49	33092100
20070927	3.47	3.54	3.38	3.42	43478900
20070926	3.33	3.48	3.31	3.42	39784900
20070925	3.27	3.30	3.23	3.28	25880300
20070924	3.38	3.38	3.29	3.30	21441300
20070921	3.38	3.42	3.36	3.36	22159900
20070920	3.33	3.38	3.29	3.37	28222600
20070919	3.47	3.48	3.26	3.35	56429200
20070918	3.49	3.53	3.45	3.50	32715700
20070917	3.55	3.59	3.46	3.46	39068300
20070914	3.43	3.55	3.40	3.52	40206000
20070913	3.52	3.56	3.44	3.45	43197200
20070912	3.31	3.57	3.30	3.42	107506100
20070911	3.18	3.32	3.17	3.31	45701100
20070910	3.18	3.23	3.12	3.16	27797300
20070907	3.18	3.22	3.14	3.16	42042100
20070906	3.18	3.42	3.15	3.21	107238600
20070905	3.05	3.18	3.00	3.14	63506700
20070904	2.94	3.02	2.93	3.01	25362600
20070831	2.95	2.97	2.93	2.97	17710800
20070830	2.83	2.93	2.81	2.92	26002900
20070829	2.82	2.85	2.80	2.84	19383300
20070828	2.78	2.85	2.78	2.79	28805200
20070827	2.83	2.87	2.79	2.79	30762500
20070824	2.79	2.84	2.77	2.84	16141800
20070823	2.79	2.80	2.76	2.77	16855500
20070822	2.81	2.81	2.76	2.77	29977400
20070821	2.79	2.83	2.77	2.77	32940800
20070820	2.82	2.84	2.77	2.79	25940800
20070817	2.87	2.87	2.75	2.80	40559100
20070816	2.87	2.88	2.71	2.71	45667000
20070815	2.91	2.96	2.88	2.88	22959700
20070814	2.93	2.98	2.89	2.90	40715300
20070813	3.00	3.02	2.88	2.88	34137000
20070810	2.97	3.06	2.94	2.98	44274300
20070809	3.01	3.11	3.00	3.00	28720700
20070808	3.02	3.10	3.01	3.07	37833500
20070807	2.92	3.09	2.87	3.01	41145900
20070806	2.92	2.98	2.85	2.91	25478800
20070803	2.99	3.00	2.88	2.90	25527100
20070802	2.99	3.05	2.96	2.99	22471300
20070801	3.00	3.04	2.93	2.98	33465400
20070731	3.06	3.14	2.99	3.01	60007500
20070730	2.92	3.04	2.92	2.97	38287000
20070727	2.96	2.96	2.83	2.89	37799100
20070726	3.02	3.07	2.85	2.91	47131800
20070725	3.15	3.19	3.07	3.09	28577100
20070724	3.18	3.21	3.08	3.12	38385100
20070723	3.14	3.24	3.13	3.21	52358000
20070720	3.20	3.24	3.08	3.12	41845200
20070719	3.26	3.28	3.16	3.19	23269900
20070718	3.16	3.25	3.13	3.24	44968900
20070717	3.21	3.21	3.13	3.17	29392400
20070716	3.12	3.23	3.11	3.18	48699500
20070713	3.04	3.13	3.03	3.12	38569400
20070712	3.03	3.06	3.03	3.04	20051300
20070711	3.03	3.07	2.98	3.04	22802000
20070710	3.00	3.07	2.99	3.02	18706900
20070709	3.08	3.09	3.01	3.01	20686200
20070706	3.10	3.12	3.03	3.07	43037500
20070705	2.98	3.12	2.93	3.10	65911300
20070703	3.04	3.04	2.96	2.98	16511200
20070702	3.01	3.07	3.00	3.03	16018400
20070629	3.03	3.06	2.99	3.02	24250400
20070628	3.01	3.09	2.98	3.02	35938200
20070627	2.91	3.00	2.89	2.97	19028700
20070626	3.10	3.11	2.91	2.93	55149400
20070625	3.06	3.13	3.04	3.08	41053700
20070622	2.93	3.03	2.92	3.01	55077000
20070621	2.84	2.87	2.81	2.84	16261900
20070620	2.89	2.90	2.82	2.85	17241200
20070619	2.90	2.91	2.85	2.89	19283400
20070618	2.93	2.94	2.86	2.90	16042100
20070615	2.78	2.92	2.77	2.92	44984200
20070614	2.77	2.80	2.73	2.75	24671800
20070613	2.79	2.80	2.75	2.77	14067800
20070612	2.77	2.81	2.75	2.76	12959600
20070611	2.76	2.81	2.75	2.78	19931000
20070608	2.77	2.78	2.72	2.74	39167100
20070607	2.81	2.83	2.78	2.78	21159600
20070606	2.85	2.87	2.81	2.82	17873100
20070605	2.88	2.89	2.84	2.84	16618000
20070604	2.93	2.94	2.84	2.89	53139800
20070601	2.93	2.94	2.87	2.88	18647200
20070531	2.94	2.94	2.87	2.93	21384400
20070530	2.89	2.94	2.89	2.93	21629800
20070529	2.88	2.94	2.87	2.92	18284800
20070525	2.92	2.97	2.89	2.90	23892900
20070524	2.86	2.94	2.80	2.90	45977700
20070523	2.81	2.86	2.78	2.86	28799600
20070522	2.79	2.83	2.76	2.80	26290600
20070521	2.70	2.87	2.69	2.79	46257800
20070518	2.75	2.75	2.70	2.73	25628700
20070517	2.68	2.75	2.66	2.72	27694000
20070516	2.73	2.74	2.66	2.69	41373400
20070515	2.78	2.79	2.72	2.73	25136500
20070514	2.83	2.87	2.77	2.77	22914500
20070511	2.83	2.85	2.82	2.84	10583700
20070510	2.84	2.89	2.80	2.84	27451700
20070509	2.90	2.91	2.85	2.86	25031000
20070508	2.85	2.89	2.83	2.89	33140500
20070507	2.84	2.89	2.84	2.87	17869800
20070504	2.90	2.92	2.85	2.85	22233600
20070503	2.94	2.96	2.87	2.90	26318000
20070502	2.88	2.99	2.87	2.94	42009700
20070501	3.01	3.02	2.85	2.87	49991100
20070430	3.04	3.06	2.95	2.96	39132200
20070427	3.04	3.06	3.01	3.04	33145400
20070426	2.85	3.01	2.84	2.96	83672100
20070425	2.74	2.86	2.72	2.83	71843400
20070424	2.84	2.84	2.72	2.77	85882800
20070423	2.95	2.95	2.78	2.80	72879300
20070420	3.00	3.02	2.96	2.98	23346800
20070419	2.98	3.03	2.96	2.98	33644800
20070418	3.01	3.06	2.97	3.02	27220100
20070417	3.04	3.07	2.94	3.03	90423300
20070416	3.10	3.11	3.02	3.04	32334000
20070413	3.15	3.17	3.08	3.08	38427600
20070412	3.08	3.11	3.07	3.08	22296800
20070411	3.13	3.13	3.08	3.09	18110600
20070410	3.11	3.13	3.08	3.12	20329000
20070409	3.12	3.15	3.11	3.12	17183300
20070405	3.09	3.11	3.07	3.11	19284600
20070404	3.10	3.14	3.08	3.09	40716300
20070403	3.17	3.17	3.08	3.09	45169500
20070402	3.20	3.25	3.12	3.15	39259600
20070330	3.26	3.28	3.18	3.20	26481200
20070329	3.28	3.29	3.24	3.26	23376000
20070328	3.26	3.30	3.25	3.26	25689400
20070327	3.30	3.30	3.25	3.26	20146200
20070326	3.36	3.36	3.30	3.31	21264100
20070323	3.35	3.37	3.32	3.35	19785100
20070322	3.38	3.40	3.32	3.34	31695300
20070321	3.34	3.37	3.30	3.37	26858600
20070320	3.29	3.39	3.28	3.31	44468400
20070319	3.27	3.33	3.25	3.29	23336700
20070316	3.27	3.31	3.24	3.24	29788300
20070315	3.24	3.30	3.22	3.30	27800900
20070314	3.27	3.27	3.21	3.23	36268900
20070313	3.38	3.40	3.29	3.29	37067700
20070312	3.41	3.44	3.37	3.37	28613500
20070309	3.51	3.52	3.40	3.42	34345100
20070308	3.45	3.49	3.44	3.49	32682100
20070307	3.45	3.51	3.40	3.41	37214200
20070306	3.42	3.54	3.38	3.47	79227100
20070305	3.50	3.52	3.36	3.37	77438400
20070302	3.60	3.65	3.55	3.55	54086000
20070301	3.60	3.71	3.58	3.62	56249200
20070228	3.65	3.70	3.59	3.65	71578600
20070227	3.69	3.71	3.65	3.65	71950400
20070226	3.80	3.81	3.71	3.74	60986000
20070223	3.80	3.81	3.70	3.74	92802400
20070222	3.92	3.93	3.80	3.80	55327500
20070221	3.89	3.93	3.73	3.92	114405300
20070220	4.01	4.06	3.86	3.92	260645900
20070216	3.62	3.72	3.59	3.70	60284200
20070215	3.65	3.65	3.58	3.60	22287300
20070214	3.59	3.62	3.57	3.59	24904300
20070213	3.58	3.64	3.56	3.57	22706900
20070212	3.65	3.66	3.56	3.57	31623700
20070209	3.74	3.77	3.62	3.63	41189000
20070208	3.71	3.76	3.70	3.73	23601000
20070207	3.68	3.72	3.67	3.68	19346600
20070206	3.64	3.70	3.60	3.68	43436700
20070205	3.67	3.68	3.61	3.64	24420300
20070202	3.70	3.71	3.68	3.68	12695400
20070201	3.70	3.72	3.69	3.70	18581100
20070131	3.72	3.72	3.68	3.69	24899600
20070130	3.71	3.75	3.68	3.71	24082800
20070129	3.76	3.77	3.70	3.70	25242500
20070126	3.73	3.79	3.71	3.74	28641700
20070125	3.74	3.80	3.72	3.73	35796700
20070124	3.83	3.84	3.71	3.75	54128400
20070123	3.90	3.97	3.77	3.78	53739300
20070122	3.91	3.93	3.83	3.85	35907800
20070119	3.98	4.02	3.92	3.96	38674000
20070118	3.89	4.10	3.83	4.05	100821700
20070117	4.10	4.17	3.86	3.86	95886500
20070116	4.21	4.24	4.12	4.15	69192800
20070112	3.99	4.26	3.98	4.10	97384500
20070111	3.95	3.97	3.84	3.90	61520900
20070110	3.79	4.17	3.71	3.98	161987000
20070109	3.74	3.85	3.71	3.71	84140500
20070108	3.80	3.81	3.75	3.76	25229000
20070105	3.75	3.85	3.70	3.80	49765700
20070104	3.78	3.81	3.72	3.77	34432800
20070103	3.76	3.90	3.67	3.74	90943200
20061229	3.52	3.64	3.52	3.54	41865900
20061228	3.62	3.62	3.52	3.55	46138800
20061227	3.67	3.69	3.50	3.62	24693100
20061226	3.70	3.73	3.65	3.65	25586900
20061222	3.73	3.75	3.68	3.69	38115700
20061221	3.79	3.84	3.73	3.73	38962300
20061220	3.75	3.87	3.74	3.79	50112800
20061219	3.76	3.79	3.73	3.73	36211900
20061218	3.87	3.91	3.78	3.79	26386400
20061215	3.82	3.91	3.70	3.90	68858700
20061214	3.77	3.84	3.74	3.79	34127800
20061213	3.76	3.80	3.69	3.79	53019100
20061212	3.82	3.83	3.76	3.77	28675400
20061211	3.79	3.85	3.78	3.81	28667200
20061208	3.84	3.84	3.78	3.79	27094000
20061207	3.90	3.99	3.87	3.88	50103200
20061206	3.88	3.89	3.82	3.83	37636800
20061205	3.91	3.92	3.75	3.85	121704100
20061204	4.21	4.25	4.16	4.17	34829900
20061201	4.25	4.27	4.15	4.25	42149300
20061130	4.18	4.33	4.09	4.26	52916900
20061129	4.20	4.24	4.11	4.15	23955600
20061128	4.10	4.20	4.02	4.17	42406900
20061127	4.25	4.25	4.03	4.12	44282500
20061124	4.25	4.32	4.22	4.26	22672100
20061122	4.02	4.37	4.01	4.29	92746300
20061121	4.02	4.04	3.96	3.97	28850700
20061120	4.05	4.08	4.01	4.02	22009900
20061117	4.10	4.12	4.04	4.05	27706000
20061116	4.17	4.20	4.08	4.11	30738200
20061115	4.09	4.22	4.08	4.13	39390100
20061114	4.14	4.14	4.05	4.10	28529300
20061113	4.18	4.19	4.08	4.11	28840200
20061110	4.31	4.32	4.10	4.13	50473800
20061109	4.23	4.36	4.20	4.29	90846100
20061108	4.21	4.21	4.07	4.12	70343500
20061107	4.06	4.09	3.92	4.09	55007700
20061106	3.85	4.07	3.83	4.02	77110900
20061103	3.74	3.77	3.72	3.76	17923200
20061102	3.73	3.79	3.70	3.72	16786100
20061101	3.79	3.79	3.71	3.72	29782600
20061031	3.82	3.84	3.80	3.83	20615700
20061030	3.85	3.86	3.76	3.79	23315500
20061027	3.82	3.95	3.80	3.85	65181300
20061026	3.69	3.84	3.65	3.84	46392500
20061025	3.75	3.76	3.65	3.65	30820800
20061024	3.81	3.81	3.70	3.72	29489600
20061023	3.77	3.84	3.76	3.80	21495300
20061020	3.78	3.80	3.70	3.76	43446100
20061019	3.85	3.90	3.78	3.80	24643800
20061018	3.86	3.96	3.83	3.90	36476100
20061017	3.82	3.85	3.80	3.83	15761100
20061016	3.87	3.90	3.82	3.84	18497200
20061013	3.86	3.91	3.81	3.88	16177100
20061012	3.81	3.88	3.73	3.85	34802500
20061011	3.84	3.84	3.75	3.79	41031800
20061010	3.86	3.91	3.83	3.86	21025600
20061009	3.90	3.91	3.86	3.87	18284900
20061006	3.95	3.95	3.86	3.89	36530100
20061005	3.98	3.98	3.91	3.95	23584900
20061004	4.13	4.15	3.90	3.94	75722300
20061003	3.97	4.08	3.90	4.07	33217800
20061002	3.92	4.01	3.90	3.97	31526800
20060929	3.92	3.98	3.87	3.92	30051700
20060928	4.00	4.01	3.86	3.89	41961000
20060927	3.93	3.98	3.91	3.97	21536900
20060926	3.94	3.95	3.89	3.94	22259500
20060925	3.94	3.95	3.86	3.95	25975400
20060922	3.96	3.96	3.89	3.90	13197800
20060921	4.00	4.02	3.91	3.95	22705500
20060920	3.98	4.03	3.94	3.96	43168000
20060919	4.05	4.06	3.86	3.86	61133900
20060918	4.09	4.15	4.08	4.11	29546900
20060915	4.09	4.13	4.05	4.07	38794200
20060914	4.05	4.20	4.00	4.03	52652700
20060913	4.06	4.13	4.01	4.03	22295400
20060912	3.94	4.05	3.93	4.05	37888400
20060911	3.89	3.98	3.83	3.90	37695100
20060908	4.04	4.04	3.91	3.93	36647100
20060907	4.09	4.10	4.02	4.03	17774800
20060906	4.14	4.19	4.08	4.08	23935500
20060905	4.10	4.25	4.09	4.19	42655200
20060901	4.10	4.13	4.06	4.10	11467500
20060831	4.11	4.15	4.08	4.08	13403000
20060830	4.10	4.12	4.06	4.10	18799900
20060829	4.08	4.10	4.02	4.09	20689800
20060828	4.13	4.16	4.10	4.11	10268500
20060825	4.06	4.16	4.05	4.12	31351800
20060824	4.08	4.12	4.04	4.06	21681700
20060823	4.00	4.11	3.99	4.04	33389600
20060822	4.04	4.07	3.93	4.03	62847200
20060821	3.88	3.95	3.82	3.89	28371800
20060818	3.80	3.96	3.75	3.91	40070500
20060817	3.66	3.78	3.65	3.75	35658200
20060816	3.75	3.81	3.63	3.65	48806200
20060815	3.76	3.77	3.62	3.75	52605000
20060814	3.85	3.85	3.72	3.73	15581800
20060811	3.78	3.80	3.75	3.77	11831200
20060810	3.89	3.92	3.76	3.77	37792900
20060809	3.92	3.94	3.85	3.88	14605700
20060808	3.87	3.91	3.84	3.87	16995000
20060807	3.92	3.95	3.77	3.81	26663800
20060804	4.02	4.04	3.90	3.94	30159100
20060803	3.99	4.02	3.93	3.96	30938600
20060802	4.10	4.16	4.00	4.02	41657000
20060801	4.30	4.32	4.05	4.08	48681600
20060731	4.21	4.43	4.16	4.20	54500700
20060728	4.00	4.14	3.93	4.14	33027100
20060727	3.90	4.06	3.86	3.97	44035000
20060726	3.93	4.01	3.86	3.96	24592400
20060725	4.02	4.02	3.88	3.92	31345700
20060724	3.97	4.02	3.83	3.94	38911500
20060721	4.02	4.05	3.83	3.90	41870900
20060720	4.03	4.10	3.98	3.99	33989300
20060719	4.10	4.22	4.09	4.13	20201800
20060718	4.20	4.28	4.04	4.08	28874600
20060717	4.01	4.18	4.01	4.17	21509000
20060714	4.11	4.12	3.99	4.03	24415600
20060713	4.18	4.20	4.00	4.09	20518700
20060712	4.30	4.35	4.20	4.22	27483800
20060711	4.25	4.40	4.21	4.32	30633900
20060710	4.43	4.44	4.26	4.28	24499700
20060707	4.55	4.55	4.40	4.41	23935000
20060706	4.66	4.72	4.52	4.53	48011000
20060705	4.56	4.56	4.47	4.48	36564000
20060703	4.74	4.77	4.55	4.61	16170400
20060630	4.75	4.78	4.67	4.75	16301300
20060629	4.70	4.76	4.65	4.73	43986700
20060628	4.62	4.70	4.55	4.66	37812600
20060627	4.65	4.68	4.52	4.57	43713100
20060626	4.41	4.84	4.36	4.70	93005800
20060623	4.20	4.50	4.13	4.47	84227700
20060622	4.23	4.25	4.15	4.19	20418700
20060621	4.00	4.24	4.00	4.21	33148200
20060620	3.98	4.06	3.92	4.01	22452600
20060619	4.10	4.13	3.96	3.98	37793200
20060616	4.09	4.13	4.04	4.07	21564600
20060615	4.13	4.21	4.04	4.14	36810800
20060614	4.10	4.16	4.04	4.10	25275100
20060613	4.09	4.12	4.01	4.09	47130900
20060612	4.25	4.25	4.10	4.11	30967300
20060609	4.32	4.33	4.25	4.26	16938600
20060608	4.20	4.36	4.18	4.27	38506200
20060607	4.24	4.33	4.21	4.26	22834400
20060606	4.30	4.31	4.17	4.20	38219900
20060605	4.36	4.40	4.23	4.26	32090600
20060602	4.50	4.51	4.31	4.41	47671100
20060601	4.58	4.59	4.32	4.51	54029800
20060531	4.53	4.56	4.44	4.50	42547200
20060530	4.43	4.54	4.33	4.39	77786400
20060526	4.35	4.45	4.08	4.18	88622600
20060525	3.84	4.30	3.76	4.22	101808100
20060524	3.91	3.92	3.60	3.68	77459600
20060523	4.04	4.06	3.90	3.90	29192600
20060522	3.97	4.07	3.92	3.96	36752200
20060519	4.03	4.04	3.90	4.00	49451100
20060518	4.07	4.10	3.99	4.01	35950400
20060517	4.19	4.20	3.99	4.02	80170000
20060516	4.29	4.35	4.20	4.22	36970200
20060515	4.30	4.31	4.18	4.24	49281500
20060512	4.43	4.44	4.23	4.34	46823000
20060511	4.55	4.59	4.41	4.42	41503200
20060510	4.62	4.64	4.53	4.54	29591400
20060509	4.69	4.70	4.53	4.63	60518100
20060508	4.72	4.79	4.70	4.72	21967300
20060505	4.75	4.77	4.70	4.73	20600000
20060504	4.79	4.83	4.71	4.72	27100300
20060503	4.89	4.90	4.70	4.72	60056000
20060502	4.89	5.01	4.75	4.88	93414900
20060501	4.71	4.78	4.58	4.62	51331600
20060428	4.79	4.83	4.65	4.68	51874800
20060427	4.72	4.84	4.65	4.82	39121200
20060426	4.86	4.93	4.75	4.81	29587700
20060425	4.85	4.97	4.83	4.87	34992100
20060424	4.98	4.99	4.80	4.81	56318200
20060421	5.10	5.12	4.99	5.00	19542800
20060420	5.12	5.17	5.06	5.07	21356500
20060419	5.18	5.22	5.10	5.13	29139700
20060418	5.19	5.23	5.12	5.17	34996900
20060417	5.33	5.33	5.10	5.12	31843000
20060413	5.24	5.39	5.18	5.32	56725700
20060412	5.23	5.25	5.14	5.20	25659900
20060411	5.31	5.35	5.18	5.20	20124300
20060410	5.32	5.42	5.27	5.30	32217500
20060407	5.45	5.57	5.28	5.31	78353000
20060406	5.06	5.42	5.04	5.41	128105600
20060405	5.07	5.08	4.98	5.04	26259500
20060404	5.07	5.10	5.04	5.06	15727800
20060403	5.12	5.18	5.04	5.06	33762600
20060331	5.11	5.11	5.04	5.07	12612000
20060330	4.93	5.15	4.93	5.05	38110500
20060329	4.97	5.04	4.95	4.99	28185300
20060328	4.99	5.08	4.91	4.94	28810300
20060327	5.13	5.15	5.00	5.01	35336200
20060324	5.10	5.17	5.01	5.03	59006700
20060323	4.83	5.15	4.75	5.14	71809400
20060322	5.13	5.14	4.86	4.86	68588800
20060321	5.15	5.25	5.10	5.12	52605800
20060320	5.16	5.29	5.03	5.11	97331200
20060317	4.65	4.90	4.59	4.89	80961500
20060316	4.51	4.55	4.48	4.51	26736900
20060315	4.45	4.61	4.41	4.48	63099600
20060314	4.53	4.59	4.36	4.45	98531500
20060313	4.79	4.80	4.54	4.60	60706600
20060310	4.93	4.93	4.76	4.78	35107700
20060309	4.91	4.99	4.84	4.89	40924900
20060308	4.91	4.92	4.70	4.77	55704700
20060307	4.97	5.00	4.87	4.92	41555900
20060306	5.02	5.05	4.89	4.91	40620700
20060303	5.05	5.08	5.00	5.01	28765200
20060302	5.12	5.16	5.06	5.08	32177000
20060301	4.98	5.10	4.86	5.04	76205700
20060228	5.20	5.21	5.08	5.11	37162700
20060227	5.18	5.26	5.15	5.23	39323100
20060224	5.22	5.24	5.13	5.18	32616200
20060223	5.27	5.35	5.21	5.22	32840400
20060222	5.21	5.35	5.20	5.29	38423000
20060221	5.31	5.35	5.10	5.18	59616100
20060217	5.47	5.57	5.25	5.26	123349700
20060216	5.65	5.78	5.61	5.65	74177700
20060215	5.70	5.85	5.66	5.82	49283000
20060214	5.67	5.70	5.55	5.64	48569200
20060213	5.75	5.77	5.60	5.61	56884500
20060210	5.89	5.89	5.72	5.74	42083600
20060209	6.06	6.10	5.74	5.80	59198700
20060208	5.98	6.14	5.90	5.98	81518200
20060207	5.52	5.79	5.46	5.76	78858000
20060206	5.49	5.60	5.41	5.49	48594300
20060203	5.54	5.54	5.23	5.33	80135700
20060202	5.68	5.77	5.53	5.54	34466800
20060201	5.63	5.73	5.51	5.71	57251800
20060131	5.85	5.88	5.66	5.67	45256700
20060130	5.88	5.95	5.83	5.86	23921000
20060127	5.75	5.91	5.72	5.87	47561700
20060126	5.96	5.97	5.79	5.82	45521900
20060125	5.93	6.05	5.83	5.92	44950700
20060124	6.15	6.17	5.86	5.90	64876400
20060123	6.23	6.40	6.09	6.11	51719000
20060120	6.40	6.45	6.25	6.30	47089900
20060119	6.33	6.40	6.26	6.35	37029000
20060118	6.09	6.30	6.05	6.29	48562000
20060117	6.30	6.31	6.20	6.20	27465500
20060113	6.35	6.44	6.25	6.28	48235100
20060112	6.03	6.51	5.91	6.20	132392500
20060111	6.43	6.43	6.04	6.12	131332800
20060110	6.60	6.63	6.45	6.50	39217800
20060109	6.75	6.76	6.54	6.57	73075200
20060106	6.50	6.54	6.40	6.54	42477400
20060105	6.45	6.46	6.35	6.39	44321100
20060104	6.45	6.50	6.28	6.36	63817600
20060103	6.81	6.82	6.45	6.52	72062300
20051230	6.75	6.77	6.64	6.70	31336900
20051229	6.78	6.92	6.71	6.74	42485400
20051228	7.03	7.05	6.66	6.75	52491000
20051227	7.08	7.15	6.97	6.99	47910100
20051223	6.72	6.84	6.68	6.83	23397400
20051222	6.71	6.76	6.62	6.70	30639900
20051221	6.76	6.88	6.66	6.67	50769400
20051220	6.51	6.71	6.38	6.59	74043800
20051219	7.01	7.06	6.63	6.67	60656100
20051216	6.87	7.07	6.82	6.96	63373100
20051215	7.09	7.25	7.05	7.17	51505000
20051214	7.09	7.09	6.80	7.00	87106200
20051213	7.21	7.26	6.86	7.01	111457900
20051212	7.97	7.98	7.43	7.46	96115400
20051209	7.58	7.88	7.53	7.87	91125700
20051208	7.36	7.55	7.35	7.42	75017500
20051207	7.26	7.32	7.22	7.30	31156800
20051206	7.21	7.25	7.16	7.21	30074500
20051205	7.17	7.27	7.10	7.14	34918500
20051202	7.12	7.16	6.98	7.12	42135700
20051201	7.20	7.24	7.10	7.11	38526500
20051130	7.14	7.18	7.03	7.15	32809400
20051129	7.11	7.19	7.08	7.12	42939200
20051128	7.10	7.11	6.98	7.00	30750600
20051125	7.12	7.14	6.91	7.13	27259300
20051123	7.16	7.20	7.11	7.13	30570100
20051122	7.15	7.20	7.07	7.10	30688000
20051121	7.27	7.30	7.07	7.13	39611300
20051118	7.37	7.38	7.22	7.28	39156600
20051117	7.50	7.62	7.21	7.33	71945600
20051116	7.24	7.46	7.24	7.40	63827900
20051115	6.99	7.20	6.98	7.17	42606400
20051114	6.98	7.10	6.90	6.98	32523300
20051111	7.00	7.02	6.96	7.00	14892800
20051110	6.92	6.98	6.87	6.97	21900700
20051109	6.86	6.93	6.80	6.88	24981600
20051108	6.93	6.94	6.80	6.83	24860600
20051107	7.00	7.01	6.88	6.91	30554500
20051104	6.92	6.99	6.75	6.95	31469700
20051103	7.00	7.10	6.85	6.94	55151300
20051102	6.80	6.95	6.74	6.89	74485600
20051101	6.37	6.65	6.34	6.52	65337900
20051031	6.13	6.33	6.08	6.23	42184800
20051028	5.95	6.02	5.80	6.02	27408000
20051027	6.32	6.36	5.82	5.86	59659400
20051026	6.25	6.50	6.17	6.30	44981200
20051025	6.04	6.21	6.01	6.18	28989200
20051024	6.03	6.07	5.96	6.06	24753800
20051021	6.04	6.04	5.88	5.95	29434400
20051020	6.14	6.17	5.92	5.97	30004200
20051019	5.94	6.11	5.70	6.08	55464800
20051018	6.15	6.15	5.80	5.97	31344100
20051017	6.17	6.26	6.10	6.15	23100300
20051014	6.14	6.23	5.82	6.17	60988600
20051013	6.35	6.35	5.90	6.11	57701700
20051012	6.46	6.51	6.30	6.30	31217200
20051011	6.66	6.66	6.40	6.42	28115500
20051010	6.55	6.67	6.49	6.59	31782400
20051007	6.43	6.51	6.30	6.42	22785400
20051006	6.68	6.71	6.32	6.39	41433900
20051005	6.87	6.87	6.68	6.72	29453200
20051004	6.56	6.96	6.47	6.83	70878900
20051003	6.55	6.59	6.51	6.53	17387000
20050930	6.58	6.68	6.48	6.54	31424100
20050929	6.39	6.55	6.31	6.53	25176800
20050928	6.52	6.55	6.20	6.39	59112900
20050927	6.58	6.60	6.48	6.51	25541500
20050926	6.75	6.75	6.58	6.63	25734200
20050923	6.64	6.71	6.61	6.70	24547900
20050922	6.52	6.62	6.50	6.59	27782300
20050921	6.70	6.70	6.46	6.59	48981800
20050920	6.69	6.89	6.66	6.68	40355000
20050919	7.09	7.11	6.63	6.70	74503100
20050916	7.12	7.15	6.99	7.05	65561200
20050915	7.20	7.38	7.13	7.34	47255200
20050914	7.24	7.25	7.08	7.11	35519400
20050913	7.37	7.38	7.19	7.22	30303200
20050912	7.43	7.61	7.23	7.35	43013900
20050909	7.23	7.47	7.22	7.39	49989400
20050908	7.01	7.26	6.98	7.20	70563700
20050907	6.90	6.99	6.87	6.99	23781800
20050906	6.90	6.92	6.85	6.92	19721000
20050902	6.94	6.94	6.84	6.87	13651900
20050901	6.97	6.99	6.91	6.92	24025000
20050831	6.84	6.88	6.79	6.88	29819200
20050830	6.76	6.85	6.68	6.83	30438700
20050829	6.68	6.82	6.63	6.79	23883000
20050826	6.69	6.75	6.62	6.70	35613700
20050825	6.69	6.71	6.55	6.58	20632800
20050824	6.51	6.63	6.50	6.51	19381200
20050823	6.52	6.61	6.50	6.52	16336400
20050822	6.43	6.55	6.43	6.53	18657600
20050819	6.46	6.55	6.42	6.44	18795200
20050818	6.46	6.50	6.40	6.48	22270900
20050817	6.57	6.62	6.52	6.56	16016400
20050816	6.67	6.69	6.52	6.56	23989400
20050815	6.72	6.77	6.66	6.69	14912500
20050812	6.58	6.74	6.49	6.73	24252300
20050811	6.64	6.65	6.56	6.60	17003800
20050810	6.77	6.77	6.54	6.61	27915400
20050809	6.62	6.78	6.61	6.70	18446000
20050808	6.76	6.81	6.57	6.60	30176500
20050805	6.83	6.86	6.75	6.76	20635300
20050804	6.90	6.91	6.73	6.81	26789100
20050803	6.83	6.96	6.76	6.95	53505700
20050802	6.91	6.95	6.75	6.75	50525600
20050801	6.92	6.98	6.85	6.95	26735100
20050729	6.86	6.89	6.80	6.82	18289100
20050728	6.99	7.00	6.79	6.88	32338300
20050727	7.00	7.00	6.94	6.97	15740300
20050726	6.99	7.01	6.96	7.00	16886200
20050725	7.00	7.01	6.94	7.00	30582800
20050722	6.85	6.94	6.83	6.93	22167900
20050721	6.82	6.90	6.74	6.83	25637600
20050720	6.81	6.82	6.70	6.75	30502200
20050719	6.96	6.96	6.78	6.85	23417100
20050718	6.90	6.96	6.83	6.84	28845800
20050715	6.79	6.82	6.51	6.80	49126900
20050714	6.94	7.01	6.66	6.73	47181300
20050713	6.98	7.00	6.87	6.91	38967500
20050712	6.99	7.01	6.85	6.98	62614300
20050711	7.16	7.49	6.95	7.11	90572600
20050708	6.73	7.01	6.71	6.98	63129800
20050707	6.40	6.65	6.40	6.64	32572200
20050706	6.62	6.69	6.57	6.63	28267800
20050705	6.60	6.65	6.49	6.61	33280300
20050701	6.48	6.61	6.25	6.55	30711400
20050630	6.67	6.69	6.40	6.48	58279000
20050629	6.56	6.80	6.52	6.58	102396400
20050628	6.05	6.57	6.03	6.43	97613700
20050627	6.02	6.02	5.96	5.99	19435100
20050624	5.87	6.10	5.87	5.96	37940200
20050623	5.93	5.97	5.85	5.88	29305200
20050622	6.00	6.00	5.86	5.92	30455000
20050621	6.03	6.05	5.93	5.96	31406700
20050620	5.99	6.02	5.94	6.01	28640300
20050617	6.05	6.08	5.97	6.02	45520400
20050616	6.00	6.11	5.95	5.99	96096900
20050615	5.89	5.94	5.79	5.91	26827400
20050614	5.99	6.01	5.88	5.90	41167600
20050613	5.77	6.07	5.76	5.99	49150100
20050610	5.75	5.80	5.61	5.65	21243100
20050609	5.80	5.87	5.65	5.76	22262200
20050608	5.87	5.90	5.81	5.83	20612900
20050607	5.86	5.99	5.81	5.84	30094200
20050606	5.99	6.00	5.85	5.89	20609500
20050603	5.99	6.09	5.97	6.00	24755500
20050602	5.87	6.08	5.68	6.00	40243100
20050601	6.01	6.01	5.91	5.93	20150000
20050531	6.07	6.10	5.90	6.01	67204900
20050527	5.88	5.99	5.83	5.97	31979600
20050526	5.69	5.82	5.69	5.79	27124200
20050525	5.66	5.67	5.61	5.64	13584800
20050524	5.63	5.72	5.60	5.67	27891100
20050523	5.71	5.80	5.65	5.67	40872000
20050520	5.35	5.65	5.33	5.65	43584900
20050519	5.40	5.45	5.34	5.39	29480900
20050518	5.46	5.54	5.40	5.41	28009200
20050517	5.46	5.48	5.37	5.48	16885900
20050516	5.40	5.50	5.39	5.48	31254900
20050513	5.25	5.36	5.25	5.35	26493100
20050512	5.14	5.25	5.08	5.25	33847600
20050511	5.22	5.27	5.07	5.17	25719000
20050510	5.29	5.32	5.16	5.19	36091600
20050509	5.38	5.42	5.30	5.36	32764700
20050506	5.41	5.43	5.28	5.38	45774900
20050505	5.30	5.48	5.25	5.32	75302200
20050504	5.10	5.25	5.10	5.23	47911100
20050503	4.95	5.11	4.91	5.06	42268600
20050502	4.82	5.05	4.79	4.99	53240600
20050429	4.90	4.90	4.64	4.76	43842900
20050428	4.87	4.91	4.68	4.73	57190200
20050427	4.65	4.88	4.42	4.67	92478100
20050426	5.05	5.09	4.80	4.87	68061600
20050425	5.15	5.18	5.10	5.14	23628500
20050422	5.10	5.24	5.07	5.10	35348800
20050421	5.17	5.19	4.99	5.14	38428600
20050420	5.26	5.27	5.09	5.10	21430100
20050419	5.15	5.26	5.10	5.22	34719500
20050418	5.22	5.34	5.06	5.08	56396700
20050415	5.26	5.31	5.11	5.15	27619800
20050414	5.29	5.50	5.25	5.30	27779800
20050413	5.28	5.41	5.27	5.29	28561900
20050412	5.40	5.43	5.34	5.41	17917700
20050411	5.46	5.48	5.37	5.43	18649000
20050408	5.50	5.54	5.40	5.41	21819900
20050407	5.39	5.50	5.38	5.47	19305300
20050406	5.48	5.55	5.35	5.39	35876500
20050405	5.50	5.61	5.42	5.59	27954300
20050404	5.52	5.52	5.36	5.45	28629700
20050401	5.67	5.75	5.53	5.56	36163600
20050331	5.64	5.64	5.54	5.62	27585500
20050330	5.42	5.70	5.39	5.67	52917800
20050329	5.26	5.39	5.23	5.38	34363100
20050328	5.35	5.36	5.26	5.28	29057300
20050324	5.44	5.47	5.32	5.33	26999900
20050323	5.33	5.46	5.25	5.42	35810900
20050322	5.39	5.50	5.25	5.28	31006600
20050321	5.36	5.43	5.29	5.39	28481000
20050318	5.43	5.44	5.22	5.29	28713000
20050317	5.28	5.44	5.26	5.38	32827000
20050316	5.34	5.34	5.20	5.23	32980300
20050315	5.34	5.38	5.31	5.33	29139900
20050314	5.41	5.45	5.23	5.33	45281500
20050311	5.51	5.65	5.32	5.36	47767300
20050310	5.64	5.66	5.42	5.45	43287600
20050309	5.75	5.78	5.60	5.60	37082600
20050308	5.88	5.89	5.78	5.80	27585200
20050307	5.74	5.92	5.71	5.89	39624600
20050304	5.77	5.81	5.65	5.66	40583000
20050303	6.03	6.05	5.75	5.75	53111200
20050302	5.84	6.15	5.72	5.92	87715800
20050301	5.90	5.99	5.86	5.89	80297700
20050228	5.20	5.60	5.19	5.57	81592300
20050225	5.53	5.55	5.13	5.15	91097200
20050224	5.68	5.75	5.54	5.58	30899700
20050223	5.67	5.71	5.59	5.62	30534700
20050222	5.58	5.81	5.49	5.56	85833100
20050218	6.01	6.03	5.85	5.87	27667500
20050217	6.13	6.18	5.98	5.99	31072200
20050216	5.95	6.20	5.92	6.04	38532200
20050215	5.94	6.05	5.89	5.97	25582000
20050214	5.99	6.04	5.93	5.95	20089800
20050211	5.86	6.03	5.74	5.98	47496500
20050210	6.06	6.13	5.93	5.93	37718800
20050209	5.97	6.15	5.89	5.99	65574100
20050208	6.18	6.20	5.86	5.93	70574700
20050207	6.31	6.34	6.10	6.16	46195200
20050204	6.33	6.46	6.29	6.42	31197800
20050203	6.35	6.36	6.25	6.32	28109300
20050202	6.33	6.44	6.18	6.36	41976900
20050201	6.55	6.56	6.24	6.29	56576500
20050131	6.61	6.70	6.50	6.62	38659700
20050128	6.49	6.55	6.40	6.50	52315400
20050127	6.26	6.40	6.17	6.36	56165000
20050126	5.88	6.29	5.79	6.18	117091200
20050125	6.25	6.35	6.15	6.24	73387900
20050124	6.09	6.16	5.95	6.09	82532400
20050121	5.72	5.89	5.60	5.83	109436900
20050120	5.41	5.85	5.28	5.54	97744500
20050119	6.03	6.14	5.72	5.81	143932600
20050118	6.27	6.41	6.18	6.24	49831400
20050114	6.59	6.60	6.42	6.45	41275600
20050113	6.63	6.70	6.35	6.46	92126800
20050112	6.21	6.35	6.12	6.27	80396700
20050111	6.70	6.74	5.99	6.10	134557100
20050110	6.32	6.78	6.00	6.62	223351300
20050107	7.47	7.47	7.03	7.10	120873800
20050106	7.51	7.65	7.45	7.50	89997800
20050105	7.72	7.75	7.42	7.64	105003600
20050104	7.63	7.64	7.35	7.51	80146200
20050103	7.84	7.85	7.38	7.48	92827000
20041231	7.53	7.70	7.52	7.62	49763100
20041230	7.39	7.50	7.33	7.48	51011400
20041229	7.41	7.49	7.26	7.29	106675900
20041228	7.82	7.87	7.61	7.81	109041600
20041227	8.27	8.48	7.96	8.10	119433000
20041223	7.95	7.99	7.86	7.95	33071500
20041222	7.95	8.08	7.87	7.89	77002600
20041221	7.76	7.94	7.73	7.86	75089300
20041220	7.99	8.00	7.76	7.97	109478900
20041217	7.14	7.94	7.13	7.68	126087700
20041216	7.65	7.72	7.09	7.18	127109600
20041215	7.85	7.96	7.60	7.65	106122300
20041214	8.10	8.14	7.80	7.95	95541900
20041213	8.07	8.19	7.72	8.04	153243700
20041210	7.63	7.68	7.50	7.59	104001600
20041209	6.92	7.35	6.90	7.17	143520300
20041208	7.88	8.10	6.58	6.90	580453400
20041207	8.68	9.43	8.50	9.01	407153000
20041206	7.85	8.13	7.65	8.09	216497100
20041203	7.60	7.62	7.43	7.55	135855200
20041202	7.19	7.74	7.06	7.26	264477800
20041201	6.64	7.00	6.60	6.98	128155200
20041130	6.79	6.80	6.53	6.63	88217600
20041129	6.91	6.95	6.40	6.69	211572500
20041126	6.29	6.52	6.23	6.51	77358400
20041124	6.58	6.59	6.02	6.25	249894500
20041123	6.50	6.95	6.38	6.71	421330600
20041122	5.38	6.00	5.28	5.97	295229300
20041119	5.55	5.55	5.02	5.17	316557500
20041118	4.93	4.93	4.51	4.72	150885600
20041117	5.01	5.01	4.83	4.95	123064300
20041116	4.48	4.95	4.45	4.71	187350400
20041115	4.25	4.53	4.20	4.45	113928100
20041112	3.99	4.18	3.92	4.17	80535100
20041111	3.88	3.89	3.72	3.85	60359700
20041110	3.91	3.91	3.83	3.86	31508000
20041109	3.94	3.95	3.87	3.89	36389500
20041108	3.95	3.96	3.91	3.94	31837000
20041105	3.95	3.99	3.91	3.93	41512900
20041104	3.92	3.95	3.90	3.92	24673800
20041103	4.00	4.04	3.87	3.92	56330000
20041102	3.93	4.00	3.91	3.96	47528200
20041101	3.93	3.94	3.89	3.91	36336300
20041029	3.96	3.97	3.89	3.90	34588700
20041028	3.95	3.96	3.90	3.93	28726600
20041027	3.95	4.06	3.82	3.89	66221100
20041026	4.06	4.09	3.98	4.02	60493100
20041025	3.97	4.03	3.90	4.01	85398500
20041022	3.88	3.92	3.80	3.91	40598000
20041021	3.80	3.86	3.74	3.84	30941100
20041020	3.78	3.79	3.73	3.78	23267500
20041019	3.89	3.89	3.76	3.79	42823200
20041018	3.85	3.85	3.75	3.81	53728700
20041015	3.70	3.72	3.60	3.70	51369900
20041014	3.78	3.78	3.62	3.65	45108400
20041013	3.83	3.87	3.71	3.74	93565600
20041012	3.52	3.77	3.50	3.75	110266000
20041011	3.54	3.59	3.45	3.52	104812600
20041008	3.79	3.86	3.56	3.70	204040400
20041007	3.98	4.16	3.91	4.00	206666500
20041006	4.26	4.29	3.67	3.87	343630900
20041005	3.34	3.35	3.28	3.35	72087700
20041004	3.24	3.31	3.21	3.24	64923100
20041001	3.23	3.35	3.12	3.14	69406300
20040930	3.14	3.22	3.12	3.20	94501100
20040929	2.88	3.02	2.86	3.02	105622600
20040928	2.74	2.77	2.60	2.65	39418900
20040927	2.78	2.79	2.71	2.73	26760600
20040924	2.81	2.87	2.80	2.82	21083800
20040923	2.83	2.88	2.75	2.82	19103200
20040922	2.86	2.88	2.78	2.83	27519700
20040921	2.79	2.89	2.76	2.86	26636400
20040920	2.79	2.81	2.73	2.78	40043500
20040917	2.99	3.02	2.82	2.86	39228400
20040916	2.92	3.04	2.91	2.97	47405800
20040915	2.86	2.89	2.84	2.89	31957600
20040914	2.89	2.92	2.83	2.90	47705600
20040913	2.76	2.88	2.75	2.82	45041400
20040910	2.73	2.75	2.69	2.72	28717100
20040909	2.79	2.80	2.68	2.71	44143300
20040908	2.59	2.76	2.54	2.71	50934900
20040907	2.45	2.57	2.38	2.54	47580400
20040903	2.35	2.37	2.31	2.33	12381000
20040902	2.26	2.38	2.26	2.36	25663000
20040901	2.32	2.33	2.25	2.27	25010200
20040831	2.40	2.42	2.28	2.32	31994500
20040830	2.42	2.44	2.36	2.38	25696200
20040827	2.43	2.46	2.42	2.43	8153300
20040826	2.43	2.43	2.37	2.42	12496700
20040825	2.40	2.42	2.36	2.40	27661500
20040824	2.37	2.46	2.34	2.38	26713400
20040823	2.26	2.36	2.25	2.34	24817100
20040820	2.19	2.25	2.18	2.23	15116200
20040819	2.14	2.20	2.12	2.20	29068700
20040818	2.22	2.22	2.10	2.16	38899100
20040817	2.28	2.28	2.22	2.24	24900700
20040816	2.18	2.30	2.18	2.22	35968400
20040813	2.07	2.25	2.06	2.18	28412700
20040812	2.10	2.12	2.01	2.05	32869300
20040811	2.21	2.23	2.01	2.16	33733900
20040810	2.25	2.28	2.22	2.27	13486900
20040809	2.35	2.35	2.21	2.22	20487000
20040806	2.34	2.40	2.25	2.33	14538800
20040805	2.35	2.40	2.33	2.40	29684800
20040804	2.40	2.45	2.31	2.32	25180800
20040803	2.48	2.49	2.40	2.42	20039500
20040802	2.45	2.50	2.41	2.48	30967400
20040730	2.50	2.53	2.47	2.51	10433400
20040729	2.48	2.52	2.44	2.50	16324200
20040728	2.54	2.55	2.35	2.45	19254900
20040727	2.43	2.52	2.39	2.51	22703500
20040726	2.44	2.45	2.34	2.39	16252100
20040723	2.48	2.50	2.36	2.40	18249800
20040722	2.49	2.52	2.33	2.50	25496200
20040721	2.58	2.79	2.44	2.46	52889100
20040720	2.31	2.61	2.31	2.61	53168600
20040719	2.42	2.45	2.21	2.31	77361600
20040716	2.61	2.64	2.46	2.47	32488900
20040715	2.68	2.68	2.59	2.61	26298000
20040714	2.61	2.70	2.60	2.63	38698900
20040713	2.71	2.74	2.59	2.60	52351500
20040712	2.80	2.82	2.69	2.71	36778400
20040709	2.83	2.87	2.78	2.79	37850500
20040708	2.80	2.82	2.75	2.78	25127600
20040707	2.88	2.92	2.80	2.85	32586300
20040706	3.01	3.02	2.86	2.89	37487500
20040702	3.01	3.02	2.98	3.00	12866800
20040701	3.05	3.06	3.00	3.01	18468100
20040630	3.05	3.08	3.01	3.08	35262800
20040629	3.09	3.12	3.04	3.08	39133100
20040628	3.07	3.12	3.04	3.07	33000000
20040625	3.00	3.08	2.97	3.04	34231600
20040624	3.01	3.04	2.98	3.01	38981500
20040623	3.04	3.07	2.98	3.01	51610300
20040622	3.04	3.04	2.96	3.00	49685300
20040621	3.11	3.12	3.00	3.00	64067300
20040618	3.10	3.18	3.07	3.13	34423500
20040617	3.15	3.16	3.05	3.09	60451600
20040616	3.19	3.21	3.12	3.14	28870400
20040615	3.27	3.29	3.19	3.23	39978300
20040614	3.27	3.30	3.21	3.25	35475500
20040610	3.30	3.33	3.15	3.16	50257900
20040609	3.19	3.30	3.16	3.26	51180500
20040608	3.19	3.20	3.15	3.19	28337800
20040607	3.20	3.23	3.16	3.21	34920400
20040604	3.13	3.20	3.07	3.16	33059000
20040603	3.15	3.16	3.07	3.08	23816700
20040602	3.23	3.29	3.12	3.17	43643800
20040601	3.07	3.21	3.03	3.17	56808000
20040528	3.07	3.08	3.00	3.00	36281100
20040527	3.12	3.14	3.04	3.04	30966200
20040526	3.12	3.14	3.09	3.09	23586500
20040525	3.08	3.14	3.03	3.14	49197100
20040524	3.17	3.18	3.09	3.09	21161500
20040521	3.14	3.16	3.10	3.12	16616000
20040520	3.18	3.25	3.09	3.10	39841200
20040519	3.15	3.18	3.08	3.18	30452500
20040518	3.12	3.14	3.07	3.09	28216500
20040517	3.05	3.14	3.01	3.05	34291100
20040514	3.12	3.16	3.05	3.16	30386900
20040513	3.14	3.19	3.08	3.12	29980800
20040512	3.23	3.25	3.03	3.17	53978300
20040511	3.08	3.17	2.99	3.15	59570900
20040510	2.97	3.05	2.83	2.94	90056400
20040507	3.23	3.28	3.15	3.18	33846400
20040506	3.35	3.40	3.20	3.21	43438700
20040505	3.45	3.48	3.38	3.42	20817700
20040504	3.48	3.49	3.37	3.43	34235000
20040503	3.39	3.44	3.33	3.43	38820100
20040430	3.30	3.35	3.23	3.30	38380100
20040429	3.27	3.33	3.12	3.14	47171900
20040428	3.39	3.40	3.25	3.31	55226900
20040427	3.54	3.57	3.45	3.45	39087200
20040426	3.68	3.68	3.53	3.57	28012600
20040423	3.67	3.74	3.63	3.66	26168100
20040422	3.52	3.65	3.48	3.62	55896900
20040421	3.68	3.69	3.43	3.47	142176700
20040420	4.02	4.07	3.76	3.80	67479300
20040419	3.76	4.00	3.72	3.98	64697200
20040416	3.81	3.81	3.72	3.76	28947200
20040415	3.84	3.86	3.71	3.78	32681800
20040414	3.57	3.84	3.50	3.75	73653600
20040413	3.93	3.97	3.72	3.76	61622500
20040412	3.94	4.02	3.87	3.95	53237300
20040408	4.15	4.15	3.75	3.84	97560500
20040407	4.10	4.17	3.92	4.02	199088600
20040406	3.79	3.94	3.40	3.89	129998800
20040405	3.62	3.75	3.57	3.75	61242500
20040402	3.63	3.65	3.52	3.55	65908700
20040401	3.43	3.53	3.41	3.46	63139500
20040331	3.34	3.40	3.32	3.40	57457500
20040330	3.27	3.35	3.23	3.31	43848100
20040329	3.27	3.33	3.26	3.29	49875800
20040326	3.18	3.25	3.18	3.24	52156300
20040325	3.10	3.19	3.10	3.18	43531300
20040324	3.13	3.13	3.08	3.09	38719400
20040323	3.12	3.12	3.05	3.10	28524900
20040322	3.13	3.15	3.04	3.05	37332000
20040319	3.17	3.20	3.15	3.16	32576100
20040318	3.12	3.14	3.09	3.13	31539200
20040317	3.11	3.16	3.04	3.14	62843400
20040316	3.05	3.07	3.02	3.07	34948000
20040315	3.07	3.09	2.98	2.99	42083100
20040312	3.00	3.05	2.93	3.05	57426000
20040311	2.84	2.96	2.80	2.87	43031700
20040310	2.97	3.00	2.86	2.88	42127800
20040309	3.00	3.05	2.90	2.92	29001900
20040308	3.09	3.12	3.00	3.01	30560600
20040305	2.91	3.20	2.90	3.05	78702200
20040304	2.99	3.03	2.93	2.99	29956600
20040303	2.96	3.00	2.85	2.96	37958500
20040302	3.01	3.01	2.95	2.95	33080700
20040301	2.98	3.02	2.94	3.00	42191800
20040227	3.04	3.04	2.91	2.94	53068100
20040226	3.05	3.07	2.95	3.00	69719200
20040225	2.71	2.99	2.71	2.98	84229700
20040224	2.75	2.76	2.65	2.70	58550300
20040223	2.91	2.91	2.78	2.79	46721800
20040220	2.91	2.93	2.81	2.88	30883700
20040219	3.00	3.00	2.90	2.90	28159900
20040218	3.03	3.04	2.93	2.95	31534900
20040217	3.01	3.03	2.98	3.01	37627900
20040213	3.02	3.04	2.93	2.96	76723500
20040212	3.20	3.29	3.09	3.11	93020900
20040211	3.06	3.10	3.00	3.01	70566300
20040210	2.98	3.06	2.92	3.02	61477000
20040209	2.87	2.95	2.82	2.90	45615900
20040206	2.74	2.82	2.70	2.80	38358300
20040205	2.67	2.72	2.63	2.70	40090500
20040204	2.76	2.77	2.61	2.63	63025200
20040203	2.82	2.87	2.75	2.78	66139000
20040202	2.76	2.83	2.69	2.79	32468200
20040130	2.73	2.79	2.66	2.70	38867100
20040129	2.81	2.89	2.65	2.76	65334600
20040128	2.98	2.99	2.71	2.81	99483200
20040127	3.09	3.13	2.94	2.97	72459000
20040126	3.08	3.14	3.02	3.06	43109400
20040123	3.29	3.31	3.10	3.14	41312300
20040122	3.04	3.28	3.03	3.28	75777300
20040121	2.96	3.08	2.94	3.03	40010300
20040120	3.17	3.19	2.88	3.04	86180100
20040116	3.11	3.20	3.11	3.15	37873700
20040115	3.22	3.23	3.09	3.13	55028700
20040114	3.24	3.28	3.15	3.23	42398000
20040113	3.31	3.35	3.11	3.16	86493500
20040112	3.39	3.43	3.22	3.30	86124800
20040109	3.38	3.51	3.32	3.44	67738400
20040108	3.36	3.38	3.25	3.36	82228400
20040107	3.41	3.57	3.08	3.17	222759800
20040106	3.33	3.89	3.32	3.36	170202600
20040105	4.19	4.20	3.44	3.50	300975700
20040102	3.35	3.98	3.17	3.82	236691800
20031231	3.34	3.47	3.10	3.16	192780200
20031230	2.69	3.06	2.58	3.05	167839600
20031229	2.50	2.58	2.44	2.58	61694800
20031226	2.41	2.51	2.35	2.35	42079700
20031224	2.22	2.40	2.21	2.40	43027300
20031223	2.19	2.22	2.17	2.20	17762300
20031222	2.21	2.24	2.16	2.19	34230400
20031219	2.20	2.23	2.17	2.21	22407400
20031218	2.16	2.22	2.16	2.18	28628400
20031217	2.27	2.29	2.15	2.15	36482400
20031216	2.27	2.31	2.25	2.27	78763000
20031215	2.25	2.26	2.20	2.24	50187200
20031212	2.18	2.20	2.15	2.19	17447600
20031211	2.15	2.18	2.13	2.17	25214800
20031210	2.18	2.18	2.10	2.12	36269400
20031209	2.19	2.20	2.15	2.16	17627700
20031208	2.13	2.16	2.12	2.13	28419300
20031205	2.16	2.21	2.11	2.12	21456700
20031204	2.20	2.22	2.13	2.15	40171100
20031203	2.24	2.24	2.08	2.11	43846400
20031202	2.21	2.24	2.18	2.18	32963900
20031201	2.16	2.22	2.12	2.20	66088600
20031128	2.00	2.09	1.98	2.08	20690900
20031126	1.97	2.00	1.94	1.98	26990700
20031125	1.93	1.98	1.91	1.94	53338500
20031124	1.97	2.01	1.88	1.91	54766800
20031121	2.04	2.07	1.99	1.99	32461900
20031120	2.09	2.13	2.00	2.02	51518300
20031119	2.13	2.13	2.00	2.11	81091300
20031118	2.18	2.23	2.10	2.23	26856500
20031117	2.20	2.30	2.14	2.15	31025300
20031114	2.26	2.28	2.19	2.23	20236000
20031113	2.21	2.25	2.16	2.24	40753400
20031112	2.16	2.24	2.15	2.18	32956400
20031111	2.13	2.17	2.09	2.14	42268700
20031110	2.31	2.38	2.18	2.21	69592700
20031107	2.39	2.42	2.35	2.38	35976000
20031106	2.29	2.37	2.26	2.35	30552500
20031105	2.28	2.32	2.20	2.26	53790800
20031104	2.36	2.37	2.27	2.28	66839700
20031103	2.38	2.41	2.35	2.37	35432700
20031031	2.34	2.36	2.27	2.35	79489400
20031030	2.42	2.43	2.31	2.31	50853500
20031029	2.14	2.42	2.12	2.35	151653200
20031028	2.49	2.52	2.25	2.27	113007900
20031027	2.47	2.56	2.41	2.44	100561000
20031024	2.37	2.50	2.19	2.38	126804000