Date	Open	High	Low	Close	Volume
20130923	184.48	185.48	177.11	181.11	8173400
20130920	178.90	185.83	178.56	183.39	13376700
20130919	170.80	180.47	169.08	177.92	15578300
20130918	167.07	167.45	164.20	166.22	5330600
20130917	165.08	168.42	163.36	166.23	5496900
20130916	168.00	170.85	165.85	166.58	7574900
20130913	162.77	166.37	162.16	165.54	5401200
20130912	164.00	166.76	160.51	164.93	6108400
20130911	166.41	167.90	162.13	163.52	5816400
20130910	161.45	167.50	160.63	166.37	8955800
20130909	163.12	164.50	158.51	160.70	14321400
20130906	168.57	169.70	165.15	166.97	8603400
20130905	170.10	171.50	168.25	169.93	6685300
20130904	169.77	171.62	165.56	170.62	11464400
20130903	173.40	173.70	166.40	168.94	12032500
20130830	166.37	169.21	163.96	169.00	11002200
20130829	164.22	167.75	162.51	166.06	9436000
20130828	169.06	171.50	163.25	166.45	14740100
20130827	162.30	168.80	160.95	167.01	17566900
20130826	165.15	173.00	160.25	164.22	24171100
20130823	157.00	162.30	155.00	161.84	12931900
20130822	149.22	157.48	148.14	157.10	10592400
20130821	150.00	150.31	146.25	147.86	6266300
20130820	148.65	149.78	147.00	149.58	6418200
20130819	143.43	147.38	142.83	144.90	8037700
20130816	141.63	143.91	140.97	142.00	7108100
20130815	136.43	143.60	135.00	139.67	10179200
20130814	142.72	144.84	138.05	139.36	11693800
20130813	149.50	149.84	144.45	145.43	8748900
20130812	149.43	150.50	142.05	147.38	14912200
20130809	152.40	155.95	151.25	153.00	8927700
20130808	154.35	158.88	150.46	153.48	27246800
20130807	141.89	141.95	132.36	134.23	18212200
20130806	144.75	145.73	141.10	142.15	9254500
20130805	140.01	144.89	139.65	144.68	10200700
20130802	134.59	138.25	133.61	138.00	6269900
20130801	135.00	136.52	132.63	135.55	5323600
20130731	132.57	134.97	131.45	134.28	6351700
20130730	134.80	137.49	128.18	131.74	13127000
20130729	129.32	135.37	128.25	134.62	9678900
20130726	128.14	130.68	126.61	129.39	9633100
20130725	120.40	124.75	120.19	124.07	5284300
20130724	124.47	124.50	119.56	121.70	6869000
20130723	124.00	125.56	121.82	122.74	7736400
20130722	119.89	126.68	119.88	122.43	9797800
20130719	118.50	120.55	116.51	119.68	5890300
20130718	120.97	122.73	116.18	119.03	11398100
20130717	106.52	121.62	104.50	120.25	26029000
20130716	126.28	126.32	107.30	109.05	32371900
20130715	133.03	133.26	126.82	127.26	9922400
20130712	125.50	129.94	124.51	129.90	11344000
20130711	124.88	126.09	122.35	125.61	7483600
20130710	123.19	123.25	120.79	122.27	5600100
20130709	124.64	125.32	121.91	123.45	8603300
20130708	121.37	122.18	118.82	121.61	7814200
20130705	118.32	120.28	115.70	120.09	6818700
20130703	118.00	119.25	114.27	115.24	4806700
20130702	118.25	121.89	115.50	117.82	12064100
20130701	109.36	117.77	109.15	117.18	10903600
20130628	108.57	109.44	106.71	107.36	5748600
20130627	106.75	110.25	106.13	109.25	8744900
20130626	103.80	105.87	102.66	105.72	6602600
20130625	103.10	104.20	100.55	102.40	5848700
20130624	96.50	102.87	95.30	101.49	7119800
20130621	103.70	103.70	97.50	99.55	11718600
20130620	104.65	107.13	99.45	100.65	10106500
20130619	102.06	106.67	102.01	104.68	8578900
20130618	101.75	103.98	99.20	103.39	8795300
20130617	103.60	104.75	101.20	102.20	7066200
20130614	100.00	102.52	99.33	100.30	6564700
20130613	99.00	99.28	95.12	98.18	5961600
20130612	96.80	100.48	95.75	97.73	9192700
20130611	98.18	98.68	94.05	94.47	7394000
20130610	98.93	102.52	98.57	100.05	9228600
20130607	98.00	102.90	96.70	102.04	10711600
20130606	95.25	99.27	95.11	97.35	9510900
20130605	93.66	97.97	89.11	95.37	12224800
20130604	92.75	96.42	92.40	94.84	8856100
20130603	97.62	97.62	88.25	92.59	19139600
20130531	106.26	106.44	97.73	97.76	15172000
20130530	102.46	109.54	101.20	104.95	16133700
20130529	113.55	114.90	99.00	104.63	25099500
20130528	101.55	110.75	100.30	110.33	19691900
20130524	92.60	97.95	92.00	97.08	16124200
20130523	84.81	93.01	83.05	92.73	12022200
20130522	86.37	90.96	85.50	87.24	8568000
20130521	88.50	89.99	85.28	87.59	8998200
20130520	91.12	92.50	88.63	89.94	8348400
20130517	92.50	94.44	87.50	91.50	19002200
20130516	94.70	95.00	88.66	92.25	21614000
20130515	81.80	86.88	78.11	84.84	16878700
20130514	94.22	97.12	81.15	83.24	37163900
20130513	80.99	88.00	79.15	87.80	22416900
20130510	69.65	81.00	69.25	76.76	25082600
20130509	70.12	75.77	63.69	69.40	28605000
20130508	57.50	58.20	55.71	55.79	6769900
20130507	62.00	62.37	55.12	55.51	9991000
20130506	56.39	59.66	55.50	59.50	4366700
20130503	56.47	56.47	54.50	54.55	3378700
20130502	53.85	55.27	53.70	54.11	3050400
20130501	55.99	55.99	53.00	53.28	2742800
20130430	56.00	58.18	53.76	53.99	5522600
20130429	51.76	54.99	51.20	54.94	3639700
20130426	53.13	53.74	50.62	51.20	3622100
20130425	50.50	52.40	50.50	52.00	2795900
20130424	50.90	51.05	48.98	50.43	2630000
20130423	51.00	52.92	50.66	51.01	3733800
20130422	48.60	50.20	47.75	50.19	3939400
20130419	47.46	49.88	47.07	47.83	3011700
20130418	45.98	47.60	45.39	46.97	3367900
20130417	45.50	45.95	44.54	45.45	2118500
20130416	44.19	46.14	43.91	45.59	3180400
20130415	43.50	43.80	42.51	43.30	1681400
20130412	43.25	45.14	43.05	43.75	3149400
20130411	42.06	44.55	41.75	43.59	3447400
20130410	40.70	42.01	40.61	41.86	2121100
20130409	41.80	41.83	40.33	40.50	1696100
20130408	41.97	42.55	41.51	41.83	1679000
20130405	42.00	42.00	40.50	41.37	1552400
20130404	41.11	42.25	40.81	42.01	2264800
20130403	43.10	43.47	40.21	41.10	5643600
20130402	43.60	45.50	43.51	44.34	6652400
20130401	42.36	46.68	41.70	43.93	14098500
20130328	38.23	38.24	37.75	37.89	1158700
20130327	37.94	38.38	37.31	38.16	1296300
20130326	37.98	38.22	37.66	37.86	1808200
20130325	37.10	38.52	36.77	37.53	2378800
20130322	36.20	36.80	36.20	36.62	440200
20130321	35.95	37.06	35.74	36.01	1146300
20130320	35.26	36.07	35.16	35.95	1423000
20130319	35.25	35.60	34.94	35.08	1098500
20130318	35.30	36.06	34.92	35.15	1316100
20130315	36.64	36.65	35.21	35.29	3279600
20130314	38.90	38.91	36.77	36.85	2021000
20130313	39.00	39.49	38.81	38.98	822000
20130312	38.90	39.38	38.85	39.12	1275100
20130311	38.87	39.44	38.65	39.10	1579500
20130308	38.06	39.44	37.36	38.47	912100
20130307	37.73	38.65	36.88	38.23	1158300
20130306	37.01	37.88	36.97	37.69	1150000
20130305	36.00	36.92	35.79	36.65	2087000
20130304	34.77	35.83	34.70	35.58	1757700
20130301	35.00	35.08	34.25	34.65	1546600
20130228	35.89	36.10	34.37	34.83	1964900
20130227	34.41	35.41	34.40	35.10	1959200
20130226	34.46	34.96	33.80	34.43	2762900
20130225	36.15	36.75	34.34	34.38	2889400
20130222	35.72	36.39	35.60	36.11	2547300
20130221	36.49	37.39	34.54	35.16	9037800
20130220	39.30	39.65	38.46	38.54	3122000
20130219	37.36	39.29	37.31	39.28	2701400
20130215	38.50	38.51	36.95	37.04	2017600
20130214	38.64	38.75	38.21	38.27	990700
20130213	38.30	39.00	38.05	38.45	966800
20130212	38.45	38.87	37.29	37.89	2261300
20130211	37.98	39.15	37.50	38.42	3266200
20130208	39.45	40.00	39.14	39.24	1139800
20130207	39.19	39.68	38.95	39.48	1196600
20130206	38.18	39.39	37.90	39.17	1893200
20130205	38.00	38.65	37.68	38.13	1310200
20130204	38.40	38.42	37.59	37.74	1128000
20130201	38.17	38.50	37.62	38.30	1100600
20130131	37.87	37.87	36.93	37.51	901400
20130130	37.85	38.00	37.43	37.52	968100
20130129	38.10	38.44	37.13	37.95	1426600
20130128	36.86	38.71	36.86	38.03	1986000
20130125	37.00	37.54	36.80	36.98	1287800
20130124	36.00	37.72	35.84	36.99	1970400
20130123	35.02	36.24	34.96	36.00	1564300
20130122	34.56	35.55	34.26	35.19	1920200
20130118	34.74	34.78	33.82	34.52	3555100
20130117	34.16	34.85	33.92	34.38	1436700
20130116	33.85	34.23	33.73	34.10	1378200
20130115	33.11	34.25	33.08	33.90	1624200
20130114	33.08	33.38	32.85	33.26	925100
20130111	34.04	34.04	32.11	32.91	1563200
20130110	33.87	33.99	33.38	33.53	922500
20130109	34.01	34.19	33.40	33.64	698000
20130108	34.50	34.50	33.11	33.68	1284000
20130107	34.80	34.80	33.90	34.34	442000
20130104	34.80	34.80	33.92	34.40	674000
20130103	35.18	35.45	34.75	34.77	742000
20130102	35.00	35.45	34.71	35.36	1194800
20121231	33.00	33.97	33.00	33.87	594900
20121228	33.38	33.65	33.02	33.22	414100
20121227	33.50	33.91	33.00	33.69	561100
20121226	33.96	34.50	33.50	33.59	601400
20121224	33.64	34.35	33.55	34.28	375800
20121221	33.94	34.17	33.58	34.00	1492400
20121220	34.51	34.79	34.05	34.43	921200
20121219	34.75	35.26	34.52	34.61	1298800
20121218	34.26	35.07	34.26	34.59	1553900
20121217	33.77	34.50	33.75	34.40	824900
20121214	33.78	34.40	33.59	33.81	1023000
20121213	35.26	35.30	32.75	33.61	2151300
20121212	35.21	35.80	34.95	35.26	2063800
20121211	34.60	35.50	34.46	35.28	1572600
20121210	34.43	34.80	34.18	34.57	929800
20121207	34.30	34.49	33.85	34.17	664400
20121206	33.82	34.80	33.50	33.90	660400
20121205	33.82	34.19	33.58	33.71	661500
20121204	34.08	34.80	33.55	33.90	1263300
20121203	33.89	35.00	33.50	34.62	2085700
20121130	33.63	34.28	33.01	33.82	1420300
20121129	33.44	34.00	32.87	33.69	1103400
20121128	32.00	34.29	31.91	33.23	1525200
20121127	32.13	32.66	31.52	32.15	910800
20121126	32.10	32.30	31.62	32.27	495800
20121123	32.60	32.83	31.70	32.13	430300
20121121	32.61	33.47	32.29	32.47	963200
20121120	32.80	33.10	31.91	33.00	922500
20121119	32.07	33.25	31.84	32.92	1392400
20121116	31.15	32.00	30.59	31.84	908700
20121115	31.30	31.44	30.50	30.82	984000
20121114	31.96	32.12	31.20	31.38	871300
20121113	31.29	32.00	30.72	31.61	998300
20121112	30.29	31.42	30.16	31.07	555900
20121109	30.60	30.93	29.85	30.32	863000
20121108	31.01	31.88	30.94	31.31	1274000
20121107	31.00	32.05	30.81	31.54	1714500
20121106	30.61	31.20	29.95	31.15	2324000
20121105	29.80	31.58	29.33	31.50	2048900
20121102	29.27	29.55	28.55	28.92	1030300
20121101	28.25	29.49	28.20	29.25	1024100
20121031	27.70	28.35	27.37	28.13	775200
20121026	27.53	27.80	27.02	27.38	477400
20121025	27.80	27.80	27.45	27.52	577700
20121024	28.52	28.52	27.25	27.42	1016400
20121023	27.38	28.56	27.37	28.39	749000
20121022	27.99	28.00	27.36	27.85	470200
20121019	27.83	28.20	27.30	27.74	1027400
20121018	28.99	28.99	27.78	28.04	741000
20121017	28.25	28.84	27.80	28.82	668000
20121016	27.67	28.09	27.34	28.06	479300
20121015	28.02	28.05	26.86	27.33	1468700
20121012	28.32	28.73	27.50	27.64	987600
20121011	28.94	28.98	28.25	28.32	450600
20121010	28.39	28.72	28.01	28.40	503600
20121009	29.12	29.12	28.25	28.37	1193000
20121008	28.86	29.40	28.61	29.25	889700
20121005	29.70	29.81	28.68	28.89	938600
20121004	30.00	30.10	28.65	29.40	1541300
20121003	29.75	29.95	29.24	29.30	1052800
20121002	29.28	29.89	29.00	29.80	729000
20121001	29.50	29.89	29.00	29.16	884400
20120928	28.73	29.89	28.61	29.28	4343400
20120927	27.82	28.54	27.60	28.49	1758600
20120926	27.66	28.40	27.48	27.54	1527200
20120925	28.62	29.48	27.53	27.66	5680400
20120924	29.51	31.03	29.40	30.66	1301900
20120921	31.10	31.49	29.54	30.02	1870000
20120920	30.93	31.50	30.68	30.90	912400
20120919	31.00	31.74	30.94	31.05	1048500
20120918	31.88	31.90	30.68	31.34	1788500
20120917	32.35	32.78	31.51	32.54	3212800
20120914	30.00	30.65	29.65	30.39	1536600
20120913	28.57	29.50	28.48	29.48	1484700
20120912	27.90	28.58	27.80	28.28	1145200
20120911	27.76	28.16	27.40	27.80	1014900
20120910	29.20	29.35	27.30	27.37	1483300
20120907	28.55	29.57	28.50	29.35	953200
20120906	28.00	28.90	27.90	28.55	841700
20120905	28.01	28.50	27.81	27.94	639300
20120904	28.52	28.99	27.90	28.14	752500
20120831	28.61	28.84	28.20	28.52	539800
20120830	28.60	28.74	28.10	28.41	656400
20120829	28.49	28.64	28.02	28.41	838900
20120828	28.40	29.38	28.00	28.69	1402700
20120827	29.57	29.70	28.17	28.32	1350400
20120824	30.06	30.24	29.41	29.50	1429400
20120823	30.00	30.85	29.65	30.73	1471000
20120822	29.01	30.04	29.01	29.95	775500
20120821	29.58	30.00	29.00	29.11	761600
20120820	30.15	30.39	29.10	29.51	1179100
20120817	30.29	30.71	29.98	30.01	508200
20120816	29.53	30.39	29.50	30.30	669000
20120815	29.39	29.70	28.81	29.40	525400
20120814	30.75	31.17	29.26	29.42	793400
20120813	29.69	31.30	29.10	31.17	870100
20120810	29.31	29.94	29.31	29.94	707400
20120809	29.52	30.00	29.13	29.41	672600
20120808	29.90	30.00	28.59	29.09	1308900
20120807	28.77	30.90	28.50	30.25	2387200
20120806	27.55	28.70	27.55	28.27	1528200
20120803	26.90	27.55	26.74	27.27	1209500
20120802	26.84	26.85	25.52	26.10	1305100
20120801	27.99	27.99	26.03	26.25	1592300
20120731	27.54	27.97	27.35	27.42	1575100
20120730	29.51	30.25	27.21	27.35	2065200
20120727	28.71	29.66	28.10	29.51	1673000
20120726	29.90	30.00	27.64	28.13	2262300
20120725	29.92	29.98	28.75	28.95	2842200
20120724	30.66	31.04	29.62	29.84	1500300
20120723	31.05	31.30	30.62	30.66	1386800
20120720	32.07	32.25	31.25	31.79	1568500
20120719	32.72	33.15	32.04	32.27	1435900
20120718	31.42	33.67	31.06	32.15	2881900
20120717	35.00	35.21	32.38	33.35	2569300
20120716	34.32	36.00	33.90	35.96	1744000
20120713	32.97	34.40	32.83	34.25	1304800
20120712	31.29	33.01	30.80	32.70	1125700
20120711	31.57	31.68	31.01	31.51	638600
20120710	31.54	32.48	30.89	31.27	758400
20120709	30.94	31.83	30.67	31.49	910500
20120706	30.99	31.73	30.80	30.99	784500
20120705	30.81	31.67	30.80	31.23	1253800
20120703	30.60	31.00	30.40	30.66	947000
20120702	31.35	31.80	30.19	30.40	1315600
20120629	32.80	32.80	31.00	31.29	1125800
20120628	31.90	32.11	30.62	31.41	914100
20120627	31.90	32.45	31.57	31.96	1047200
20120626	32.05	32.35	31.39	31.61	2613900
20120625	33.94	34.12	32.75	33.11	1498500
20120622	32.60	33.98	32.46	33.79	3046600
20120621	34.26	34.28	31.84	32.19	1891900
20120620	33.50	34.50	33.21	33.78	3422400
20120619	32.02	32.66	31.50	32.09	911100
20120618	29.94	32.33	29.50	31.84	1256800
20120615	29.39	29.95	28.81	29.91	646800
20120614	30.18	30.65	28.62	29.39	872200
20120613	29.55	30.64	29.47	29.77	844100
20120612	29.23	29.84	28.81	29.66	569000
20120611	30.31	31.00	28.96	29.12	636000
20120608	28.86	30.19	28.15	30.08	881100
20120607	29.81	29.87	28.85	28.93	492100
20120606	28.20	29.45	28.14	29.22	909900
20120605	27.84	28.39	27.56	27.91	630900
20120604	28.03	28.41	27.11	27.88	1030900
20120601	28.53	29.16	27.76	28.15	885800
20120531	30.07	30.29	28.75	29.50	1118700
20120530	31.08	31.42	30.24	30.41	1307200
20120529	30.01	31.93	30.01	31.69	1650000
20120525	30.16	30.41	29.20	29.81	757000
20120524	31.25	31.25	29.69	30.28	1075600
20120523	30.56	31.05	29.50	31.02	1220400
20120522	30.10	31.34	30.00	30.80	2366200
20120521	27.58	29.26	27.12	28.77	1475200
20120518	28.37	28.46	26.83	27.56	1616500
20120517	29.30	29.79	28.24	28.57	1149000
20120516	29.58	30.18	28.88	29.18	1257100
20120515	30.26	30.96	29.22	29.43	1585700
20120514	31.92	32.13	30.05	30.06	1380900
20120511	32.49	33.44	32.16	32.25	1221300
20120510	32.97	34.68	32.40	32.96	5556300
20120509	30.30	30.77	29.76	30.06	1947900
20120508	32.50	32.73	29.37	30.19	3097200
20120507	31.96	32.58	31.61	32.47	1158000
20120504	32.32	32.46	31.40	31.83	1247500
20120503	33.91	34.00	32.13	32.46	841300
20120502	33.50	34.39	33.39	33.94	497300
20120501	33.13	34.21	33.13	33.78	659000
20120430	33.27	33.36	32.58	33.13	413900
20120427	33.60	33.63	32.91	33.34	591000
20120426	32.96	33.52	32.91	33.49	425300
20120425	32.07	32.99	32.07	32.91	712200
20120424	31.82	32.20	31.00	31.82	674500
20120423	32.86	32.97	31.71	31.94	890800
20120420	33.14	33.73	32.94	33.16	821800
20120419	32.75	33.43	32.50	33.16	774900
20120418	32.09	32.75	31.53	32.66	823100
20120417	32.43	33.07	32.04	32.24	1115500
20120416	33.41	33.70	32.09	32.25	1099600
20120413	33.94	34.04	32.85	33.59	649600
20120412	33.77	34.48	32.92	33.44	1033900
20120411	33.24	33.29	32.01	33.09	1105500
20120410	33.15	33.85	32.10	32.46	1847700
20120409	34.10	34.29	33.10	33.15	1655700
20120405	35.10	35.44	34.41	34.48	1509400
20120404	35.27	35.49	34.69	35.00	4481800
20120403	36.70	38.47	36.67	38.01	1098100
20120402	37.33	37.97	36.53	36.58	1028600
20120330	37.52	37.94	36.68	37.24	886400
20120329	38.19	38.19	37.03	37.33	796400
20120328	37.78	38.44	37.11	37.85	955000
20120327	37.16	39.95	37.03	37.94	2539200
20120326	35.59	38.09	35.04	37.40	3140500
20120323	34.26	34.63	33.15	34.08	1170600
20120322	34.97	35.15	34.30	34.40	522400
20120321	34.94	35.30	34.60	35.15	607200
20120320	34.98	35.20	34.57	34.96	567000
20120319	35.26	35.32	34.54	34.98	1015600
20120316	34.90	35.89	34.83	35.32	729300
20120315	35.28	35.48	34.78	35.00	571600
20120314	36.00	36.00	34.80	35.29	851500
20120313	36.51	36.59	35.50	36.09	1001600
20120312	34.69	36.29	34.60	36.01	1963300
20120309	33.20	35.31	33.20	34.74	1553400
20120308	33.11	33.49	33.04	33.07	633300
20120307	33.12	33.31	32.91	33.12	364900
20120306	33.25	33.28	32.62	33.11	573800
20120305	34.35	34.40	33.46	33.77	467000
20120302	34.40	34.50	33.71	34.04	550000
20120301	33.51	34.50	33.31	34.41	703500
20120229	33.81	34.12	33.14	33.41	535700
20120228	33.64	34.44	33.17	33.81	612200
20120227	33.41	34.00	33.00	33.62	606000
20120224	34.23	34.52	33.27	33.75	959900
20120223	33.99	34.97	33.56	34.53	820400
20120222	34.50	34.72	32.50	34.22	1654600
20120221	34.87	34.87	33.81	34.50	1135800
20120217	33.99	34.97	33.50	34.97	1376700
20120216	33.50	34.51	32.54	34.18	2219700
20120215	33.10	34.41	32.27	33.60	2761800
20120214	31.74	33.79	31.40	33.17	1810800
20120213	31.55	32.06	30.90	31.49	1157900
20120210	32.26	32.27	29.84	31.10	1874200
20120209	32.00	32.90	31.43	32.58	1277100
20120208	31.60	32.01	31.29	31.93	623700
20120207	31.80	31.80	30.82	31.60	1021600
20120206	31.10	31.90	31.05	31.80	652100
20120203	30.41	31.33	30.25	31.15	764500
20120202	29.72	30.88	29.61	30.25	805700
20120201	29.07	29.70	29.00	29.58	523200
20120131	29.90	30.00	28.87	29.07	956400
20120130	29.49	29.61	28.53	29.57	729000
20120127	28.50	29.72	28.50	29.33	748400
20120126	28.07	29.58	28.00	28.94	1271100
20120125	27.27	28.01	27.05	27.97	611200
20120124	26.63	27.68	26.44	27.42	858000
20120123	26.81	27.21	26.60	26.77	594600
20120120	26.90	27.00	26.40	26.60	662300
20120119	27.19	27.74	26.61	26.76	1246300
20120118	26.69	26.88	26.25	26.81	1260200
20120117	26.62	27.34	26.41	26.60	4651600
20120113	28.40	28.50	22.64	22.79	5500400
20120112	28.48	28.62	27.81	28.25	729300
20120111	27.62	28.38	27.30	28.23	672300
20120110	27.44	27.76	27.25	27.62	671800
20120109	27.00	27.49	26.12	27.25	897000
20120106	27.20	27.79	26.41	26.91	986300
20120105	27.76	27.93	26.85	27.12	1005500
20120104	28.21	28.67	27.50	27.71	630100
20120103	28.94	29.50	27.65	28.08	928100
20111230	28.49	28.98	28.25	28.56	339800
20111229	28.59	29.34	28.55	28.73	488200
20111228	28.99	29.24	28.04	28.51	575200
20111227	27.66	28.77	27.64	28.57	777500
20111223	28.00	28.00	27.52	27.90	591400
20111222	27.60	28.05	27.30	27.77	1009400
20111221	27.91	28.07	26.03	27.57	1705500
20111220	28.05	28.45	27.72	27.90	843300
20111219	28.09	28.50	27.37	27.75	987000
20111216	28.79	28.93	27.98	28.00	1029700
20111215	28.67	29.17	28.12	28.62	700300
20111214	29.50	29.68	28.00	28.53	1163900
20111213	30.57	30.93	28.91	29.45	994100
20111212	30.44	30.62	30.02	30.41	758700
20111209	30.54	31.12	30.28	31.04	1239500
20111208	30.84	31.65	29.61	30.89	3305800
20111207	34.63	34.89	33.80	34.19	674300
20111206	34.20	34.98	34.03	34.87	951800
20111205	33.53	35.00	33.43	34.42	1160100
20111202	32.83	33.69	32.40	33.30	802800
20111201	32.57	33.99	31.98	32.60	1030200
20111130	32.50	32.93	32.22	32.74	760300
20111129	32.49	33.07	31.63	31.75	591100
20111128	32.00	33.28	31.81	32.56	681200
20111125	31.55	32.41	31.08	31.66	239600
20111123	31.76	32.05	31.25	31.45	451800
20111122	31.76	32.79	31.05	32.07	732600
20111121	32.44	32.44	31.05	31.76	1031600
20111118	33.64	34.11	32.54	32.60	902800
20111117	34.50	34.90	33.19	33.68	1349300
20111116	33.48	35.00	33.40	34.94	1833200
20111115	32.92	34.40	32.73	33.93	891000
20111114	33.00	33.54	32.62	33.22	1325700
20111111	31.90	34.50	30.57	33.64	3868300
20111110	30.94	31.50	30.65	31.33	747300
20111109	30.87	31.49	30.30	30.88	953700
20111108	31.37	32.00	30.72	31.84	1167900
20111107	31.64	32.00	30.75	31.27	1266300
20111104	31.46	32.40	30.51	32.31	3032900
20111103	30.00	32.49	29.53	32.46	2509700
20111102	29.00	29.26	28.25	28.71	875300
20111101	28.39	28.92	28.00	28.88	635200
20111031	29.50	29.51	28.75	29.37	1134000
20111028	28.50	30.00	28.01	29.87	1264000
20111027	28.34	28.95	28.11	28.76	869400
20111026	28.19	28.37	27.40	27.98	510500
20111025	28.23	28.86	27.80	28.25	654400
20111024	27.87	28.89	27.75	28.55	940600
20111021	27.40	28.30	27.01	28.03	1142600
20111020	27.44	27.47	27.00	27.34	999700
20111019	28.02	28.06	27.30	27.57	792900
20111018	27.30	28.43	26.71	28.34	999700
20111017	27.86	28.00	27.26	27.42	754500
20111014	28.00	28.55	27.26	28.05	1400500
20111013	27.63	28.47	27.44	27.94	1043500
20111012	27.25	28.00	27.20	27.80	1123400
20111011	27.51	27.77	27.09	27.61	575700
20111010	27.31	28.18	27.00	27.88	923500
20111007	26.98	27.60	26.05	26.99	1311600
20111006	25.37	27.60	25.02	26.96	1769100
20111005	24.03	25.84	23.35	25.37	1229500
20111004	23.29	24.32	22.93	23.66	1200300
20111003	24.95	25.00	23.25	23.73	1023200
20110930	24.80	24.89	23.49	24.39	1336100
20110929	25.72	25.82	23.55	24.12	929600
20110928	26.00	26.50	24.51	24.59	723300
20110927	26.00	26.99	25.57	26.19	674500
20110926	26.52	26.52	24.90	25.52	934800
20110923	25.49	26.62	25.35	26.38	1156400
20110922	25.64	26.11	24.88	25.63	775800
20110921	25.95	26.95	25.70	25.85	987600
20110920	25.98	26.60	25.67	26.01	1180400
20110919	24.95	25.81	23.82	25.77	1157400
20110916	24.78	25.84	24.49	25.80	1417100
20110915	24.58	24.93	24.33	24.82	562600
20110914	24.25	24.84	23.79	24.34	830800
20110913	23.01	24.10	22.75	24.08	726500
20110912	22.50	23.31	22.45	22.88	566600
20110909	23.37	23.57	22.55	22.97	669300
20110908	23.58	24.03	23.28	23.61	505700
20110907	23.39	24.00	23.28	23.84	459200
20110906	22.50	23.20	22.29	22.94	809800
20110902	23.66	23.99	22.68	23.07	769900
20110901	24.66	24.87	23.84	24.00	848100
20110831	24.80	25.50	24.28	24.74	823800
20110830	24.50	24.77	24.09	24.63	366200
20110829	24.22	24.85	24.02	24.71	803400
20110826	22.71	23.95	22.07	23.73	761800
20110825	23.87	23.87	22.90	23.11	679800
20110824	23.10	23.93	22.83	23.87	684300
20110823	21.93	23.11	21.50	22.96	869000
20110822	23.11	23.80	21.68	21.95	986100
20110819	23.86	24.22	22.00	22.30	1375300
20110818	25.00	25.15	23.47	24.26	1056600
20110817	26.39	26.65	25.51	25.83	643700
20110816	26.13	26.54	25.83	26.10	537700
20110815	26.62	26.75	25.93	26.23	738600
20110812	25.60	27.14	25.36	26.31	1009100
20110811	24.04	25.75	24.00	25.30	836500
20110810	25.44	25.44	23.63	23.82	1564200
20110809	24.15	25.45	23.70	25.06	1333400
20110808	23.10	24.44	23.10	23.64	2608500
20110805	24.99	25.38	22.83	24.24	1964400
20110804	26.51	26.89	24.67	24.75	3064500
20110803	27.50	27.83	26.34	27.20	1794500
20110802	28.69	29.20	27.27	27.34	1549400
20110801	28.67	28.98	28.21	28.77	1164900
20110729	27.80	28.40	27.50	28.17	948200
20110728	27.60	28.55	27.54	28.17	938700
20110727	28.50	28.50	27.51	27.64	958500
20110726	28.31	28.77	27.97	28.00	760600
20110725	29.01	29.25	28.44	28.49	673300
20110722	28.70	29.54	28.55	29.29	583500
20110721	28.91	29.16	28.10	28.70	1011500
20110720	28.00	30.44	27.80	28.69	3048300
20110719	27.58	28.11	27.54	27.89	1026100
20110718	27.34	27.45	26.63	27.23	851900
20110715	27.79	27.83	27.40	27.58	709000
20110714	28.53	28.96	27.25	27.61	1159000
20110713	28.43	29.03	27.90	28.64	1066000
20110712	28.37	29.09	28.00	28.17	1045400
20110711	28.40	28.53	28.00	28.35	975800
20110708	29.89	29.89	28.59	28.81	1240600
20110707	29.14	30.00	29.01	29.73	1327900
20110706	29.14	29.14	28.55	28.96	926900
20110705	29.02	29.52	28.71	29.14	996000
20110701	29.07	29.60	28.80	29.02	854900
20110630	28.50	29.33	28.40	29.13	946700
20110629	28.50	29.09	28.07	28.29	1461800
20110628	27.79	28.25	27.67	28.11	889200
20110627	27.73	28.28	27.31	27.46	1809400
20110624	27.64	27.97	27.26	27.57	3608500
20110623	27.20	27.72	26.21	27.71	1170000
20110622	27.37	28.25	27.10	27.21	1475600
20110621	26.24	27.73	26.00	27.53	1496000
20110620	26.29	26.46	25.50	26.01	1537800
20110617	26.87	27.70	26.14	26.50	1714000
20110616	27.67	28.00	25.74	26.50	1842200
20110615	28.44	28.45	27.07	27.32	1345000
20110614	28.54	29.70	28.52	28.60	1573400
20110613	28.07	28.88	27.88	28.43	1713400
20110610	27.52	28.30	27.35	27.86	1566600
20110609	27.43	28.10	27.10	27.62	1603200
20110608	28.44	28.60	27.02	27.12	1695900
20110607	28.94	29.39	28.26	28.37	1222100
20110606	30.10	30.13	28.26	28.70	2331100
20110603	29.95	31.50	29.50	30.13	6209200
20110602	28.52	29.32	28.51	28.76	986300
20110601	30.00	30.10	28.38	28.52	1529900
20110531	29.69	30.28	29.55	30.14	3290500
20110527	29.54	29.67	28.82	29.55	1687100
20110526	28.82	29.76	28.10	29.48	3336900
20110525	26.90	29.01	26.17	28.98	4693100
20110524	27.02	27.50	26.60	26.72	613700
20110523	27.62	27.62	26.62	26.82	863600
20110520	28.26	28.28	27.35	27.97	842500
20110519	27.03	28.44	26.60	28.20	2655100
20110518	26.10	26.47	25.52	26.35	729500
20110517	27.00	27.00	25.72	25.96	1234200
20110516	27.99	27.99	26.55	26.60	755700
20110513	28.00	28.19	27.30	27.55	661500
20110512	27.07	27.74	26.65	27.67	628000
20110511	28.20	28.30	26.92	27.07	962500
20110510	28.24	28.95	27.91	28.33	1535300
20110509	27.00	28.00	26.85	27.91	916400
20110506	26.90	27.70	26.62	27.12	981700
20110505	27.20	27.44	26.17	26.44	1218500
20110504	26.78	27.00	25.75	26.69	1044500
20110503	27.38	27.39	26.50	26.87	913900
20110502	27.60	27.80	27.06	27.45	784600
20110429	27.69	27.87	27.42	27.60	726000
20110428	27.07	27.69	26.72	27.66	1600000
20110427	26.93	27.36	26.63	27.08	996900
20110426	26.66	27.25	26.31	26.93	1400000
20110425	26.70	26.73	25.97	26.39	800900
20110421	25.85	26.98	25.59	26.74	1386100
20110420	25.70	26.09	25.30	25.75	837200
20110419	25.26	25.26	24.65	25.16	548700
20110418	25.13	25.62	24.36	25.03	1033900
20110415	25.65	26.18	25.41	25.58	943500
20110414	24.87	25.28	24.20	25.14	983400
20110413	25.13	25.69	24.81	24.93	1211500
20110412	25.08	25.21	24.30	24.65	1357400
20110411	26.47	26.53	25.02	25.27	1369400
20110408	27.58	27.60	26.36	26.49	1946400
20110407	26.85	27.94	26.45	27.24	2810300
20110406	26.99	27.01	25.80	26.49	1288300
20110405	25.90	27.00	25.69	26.70	3180900
20110404	26.83	27.00	25.23	25.83	2609300
20110401	27.45	28.18	26.57	26.66	2864800
20110331	26.55	28.71	26.50	27.75	11517800
20110330	24.11	24.49	23.01	23.71	1223300
20110329	23.30	24.00	23.21	23.92	755400
20110328	22.70	23.54	22.55	23.25	1058100
20110325	22.43	23.00	22.40	22.75	568000
20110324	22.14	22.38	21.98	22.33	462200
20110323	22.11	22.27	21.77	22.21	422800
20110322	22.73	22.86	22.00	22.19	582900
20110321	23.05	23.05	22.54	22.73	411700
20110318	23.19	23.19	22.51	22.96	687900
20110317	23.24	23.43	22.64	22.81	922600
20110316	22.86	23.25	22.69	22.82	1169700
20110315	22.20	22.96	21.80	22.95	1318800
20110314	23.82	24.00	23.20	23.25	1166000
20110311	23.85	24.25	23.53	24.07	930800
20110310	24.44	24.49	23.73	24.01	1017000
20110309	24.66	24.99	24.27	24.72	924800
20110308	24.60	24.96	24.00	24.66	1399900
20110307	24.93	25.40	24.70	24.94	2033600
20110304	24.48	24.99	23.78	24.95	1580100
20110303	24.48	24.79	24.06	24.36	640200
20110302	23.82	24.28	23.73	24.02	663300
20110301	24.05	24.32	23.70	23.94	1106400
20110228	23.74	24.10	23.50	23.89	1051200
20110225	22.81	23.85	22.69	23.61	1346300
20110224	21.78	22.58	21.50	22.53	1055300
20110223	22.18	22.50	21.11	21.83	1605600
20110222	22.88	23.00	21.78	21.87	2064600
20110218	23.33	23.49	22.96	23.18	2370700
20110217	24.63	25.49	23.55	23.60	2618400
20110216	23.10	24.97	23.07	24.73	4115100
20110215	23.01	23.17	22.56	22.84	953700
20110214	23.64	24.14	23.05	23.08	1283100
20110211	23.25	23.75	22.94	23.25	634500
20110210	23.26	23.64	22.81	23.22	836100
20110209	24.13	24.18	22.79	23.21	2635600
20110208	23.78	25.25	23.00	24.49	3504900
20110207	23.26	23.26	22.88	23.07	895100
20110204	23.44	23.67	23.22	23.46	544000
20110203	23.82	23.90	23.15	23.63	512000
20110202	24.16	24.18	23.67	23.94	569500
20110201	24.31	24.73	23.54	23.91	707800
20110131	24.05	24.12	23.50	24.10	830300
20110128	24.88	24.88	23.75	24.01	1048400
20110127	24.74	25.08	24.53	24.92	895700
20110126	24.71	24.88	24.10	24.75	1079900
20110125	24.65	24.89	24.02	24.68	1271500
20110124	23.53	24.81	23.23	24.49	1645100
20110121	23.12	23.59	22.71	23.04	1217000
20110120	24.03	24.45	22.37	22.62	2279900
20110119	25.27	25.47	23.75	24.03	2371500
20110118	25.48	25.64	24.75	25.64	1621700
20110114	26.15	26.58	25.61	25.75	1192000
20110113	26.96	26.97	26.16	26.22	723600
20110112	27.01	27.40	26.52	26.96	964400
20110111	28.59	28.71	26.92	26.96	1710200
20110110	28.17	28.68	28.05	28.45	1342700
20110107	28.00	28.58	27.90	28.24	2247900
20110106	26.83	28.00	26.81	27.88	2061200
20110105	26.48	26.90	26.19	26.83	1446700
20110104	26.66	26.95	26.02	26.67	1187400
20110103	26.84	27.00	25.90	26.62	1283000
20101231	26.57	27.25	26.50	26.63	1417900
20101230	27.70	27.90	26.38	26.50	2041100
20101229	27.03	28.01	26.50	27.73	3319200
20101228	25.85	26.75	25.00	26.41	4056300
20101227	28.02	28.58	25.06	25.55	9301900
20101223	31.26	32.48	29.92	30.09	1552600
20101222	32.25	32.86	31.70	32.63	833300
20101221	31.80	32.69	31.71	32.26	777700
20101220	31.64	32.19	31.26	31.70	523400
20101217	31.34	31.54	30.71	31.36	813000
20101216	30.00	30.91	29.65	30.81	790100
20101215	28.67	29.97	28.53	29.60	742900
20101214	30.29	30.39	27.76	28.53	1765700
20101213	31.64	31.77	30.40	30.55	410400
20101210	32.05	32.92	31.13	31.52	429400
20101209	32.51	32.72	31.65	32.05	406000
20101208	32.48	32.49	31.52	32.37	660000
20101207	30.49	32.40	30.05	31.56	1311300
20101206	31.35	31.45	29.56	30.31	1274400
20101203	32.01	32.25	30.87	31.49	1160100
20101202	34.01	34.30	31.20	32.35	2007000
20101201	35.87	36.42	33.45	34.35	1299200
20101130	33.74	35.33	33.41	35.33	2222600
20101129	35.41	35.95	33.33	34.33	1145600
20101126	35.60	36.00	34.75	35.32	350600
20101124	35.27	35.97	34.33	35.47	1425000
20101123	33.29	35.68	32.19	34.57	1577800
20101122	31.57	33.45	31.50	33.40	1529700
20101119	30.16	31.37	29.70	30.99	1150500
20101118	30.67	30.74	28.92	29.89	956100
20101117	30.20	30.75	28.61	29.49	750000
20101116	31.00	31.40	28.42	29.67	1347600
20101115	30.22	32.94	30.22	30.80	2622900
20101112	28.25	30.50	28.07	29.84	2729100
20101111	28.60	29.10	27.33	28.04	1945300
20101110	24.48	29.97	24.05	29.36	3060500
20101109	25.00	25.69	24.05	24.63	956400
20101108	24.50	25.00	24.03	24.98	509500
20101105	24.87	24.97	23.72	24.44	1011000
20101104	22.60	25.33	22.15	24.90	1874000
20101103	21.28	22.50	21.16	21.77	372600
20101102	21.68	21.88	21.05	21.25	322500
20101101	21.94	22.75	21.31	21.41	455800
20101029	21.14	21.85	21.05	21.84	280600
20101028	21.39	21.50	20.96	21.19	224200
20101027	21.25	21.38	20.65	21.00	356500
20101026	20.80	21.87	20.51	21.36	660900
20101025	20.94	20.98	20.73	20.85	118500
20101022	20.68	20.93	20.55	20.72	161100
20101021	20.61	20.95	20.45	20.75	417100
20101020	20.16	20.69	20.04	20.65	312500
20101019	20.20	20.41	20.00	20.05	245200
20101018	20.52	20.64	20.22	20.23	162800
20101015	20.89	20.90	20.25	20.54	284700
20101014	21.00	21.03	20.40	20.75	294800
20101013	20.64	20.85	20.36	20.54	318200
20101012	20.20	20.28	20.03	20.24	244000
20101011	20.44	20.70	20.07	20.24	171200
20101008	20.43	20.79	20.39	20.43	267800
20101007	20.57	20.64	20.34	20.43	141000
20101006	21.06	21.26	20.32	20.46	313400
20101005	21.15	21.28	21.01	21.12	332000
20101004	20.43	21.17	20.30	20.99	643600
20101001	20.69	20.75	20.31	20.60	597700
20100930	22.00	22.15	20.19	20.41	2195800
20100929	21.19	22.03	21.13	21.98	1969300
20100928	21.04	21.49	20.76	21.40	1214500
20100927	20.40	20.81	20.05	20.53	418600
20100924	19.95	20.19	19.65	20.10	578900
20100923	19.89	20.14	19.50	19.56	668100
20100922	20.87	20.95	19.80	19.87	962900
20100921	20.89	21.55	20.67	20.77	796000
20100920	20.67	21.35	20.16	21.06	947500
20100917	21.02	21.32	19.80	20.23	1198500
20100916	22.15	23.16	20.84	20.94	2684500
20100915	20.98	22.00	20.79	21.98	684600
20100914	20.54	21.60	20.53	21.12	654700
20100913	20.89	20.90	20.50	20.72	360800
20100910	20.75	20.93	19.76	20.17	386600
20100909	21.00	21.05	20.69	20.71	376200
20100908	20.66	20.95	20.60	20.90	288400
20100907	20.61	21.00	20.50	20.54	243400
20100903	20.87	21.30	20.66	21.05	434600
20100902	20.37	21.24	20.31	21.06	487100
20100901	19.62	20.69	19.60	20.45	494900
20100831	19.66	19.79	19.33	19.48	201100
20100830	19.70	20.19	19.61	19.87	732800
20100827	19.75	19.87	19.50	19.70	379600
20100826	19.89	20.27	19.60	19.75	433800
20100825	19.16	19.98	18.56	19.90	503300
20100824	19.25	19.71	18.95	19.20	673100
20100823	19.09	20.39	19.00	20.13	1088100
20100820	18.65	19.11	18.51	19.10	296000
20100819	18.54	19.25	18.33	18.79	579100
20100818	19.59	19.59	18.60	18.77	601300
20100817	18.96	19.40	18.78	19.15	447900
20100816	18.45	18.80	18.26	18.78	485800
20100813	18.18	18.45	17.66	18.32	634000
20100812	17.80	17.90	17.39	17.60	691000
20100811	18.69	18.88	17.85	17.90	797600
20100810	19.65	19.65	18.82	19.03	1281300
20100809	19.90	19.98	19.45	19.60	812700
20100806	20.10	20.16	19.52	19.59	741900
20100805	21.54	21.55	20.05	20.45	796200
20100804	21.95	22.18	20.85	21.26	913000
20100803	21.00	21.95	20.82	21.95	1230500
20100802	20.50	20.97	20.33	20.92	718100
20100730	20.20	20.44	19.55	19.94	426900
20100729	20.77	20.88	20.00	20.35	616000
20100728	20.55	20.90	20.51	20.72	467200
20100727	20.91	21.18	20.26	20.55	619700
20100726	21.50	21.50	20.30	20.95	922200
20100723	21.19	21.56	21.06	21.29	653600
20100722	20.50	21.25	20.37	21.00	957800
20100721	20.66	20.90	19.50	20.22	1252500
20100720	21.85	21.85	20.05	20.30	1825300
20100719	21.37	22.25	20.92	21.91	2486500
20100716	20.70	21.30	20.05	20.64	2621300
20100715	19.94	21.50	19.00	19.89	3739800
20100714	17.94	20.15	17.76	19.84	4195200
20100713	17.39	18.64	16.90	18.14	2680100
20100712	17.95	18.07	17.00	17.05	2202500
20100709	17.58	17.90	16.55	17.40	4050600
20100708	16.14	17.52	15.57	17.46	7711400
20100707	16.40	16.63	14.98	15.80	6921700
20100706	20.00	20.00	15.83	16.11	6866900
20100702	23.00	23.10	18.71	19.20	5139800
20100701	25.00	25.92	20.27	21.96	8218800
20100630	25.79	30.42	23.30	23.83	17187100
20100629	19.00	25.00	17.54	23.89	18766300