Date	Open	High	Low	Close	Volume
20130923	65.52	65.83	65.29	65.37	656800
20130920	66.15	66.44	65.47	65.80	924200
20130919	66.75	66.77	65.96	66.39	826500
20130918	66.03	66.65	65.48	66.53	745700
20130917	65.99	66.46	65.82	66.02	422000
20130916	65.59	66.09	65.39	66.09	1554900
20130913	65.50	65.50	64.96	65.32	666800
20130912	65.16	65.38	64.86	65.17	344500
20130911	64.79	65.63	64.53	65.05	694200
20130910	63.90	64.67	63.80	64.66	606500
20130909	63.18	64.06	62.66	63.64	639800
20130906	63.45	63.74	62.40	63.14	601700
20130905	63.23	63.47	62.94	63.08	731200
20130904	62.75	63.26	62.46	63.26	589900
20130903	62.79	63.18	62.46	62.84	971200
20130830	62.36	62.55	61.82	62.18	431100
20130829	61.85	62.73	61.74	62.31	350500
20130828	62.06	62.39	61.80	62.13	473800
20130827	62.10	62.61	61.94	62.27	496100
20130826	62.56	62.88	62.35	62.67	333500
20130823	62.20	62.94	62.00	62.75	594600
20130822	61.70	62.34	61.69	62.03	267700
20130821	61.36	62.13	61.27	61.74	335000
20130820	61.35	61.90	61.25	61.69	419800
20130819	61.34	61.98	61.00	61.39	463600
20130816	61.50	61.84	61.11	61.52	484300
20130815	61.82	62.21	61.16	61.66	417100
20130814	62.99	63.06	62.16	62.31	376400
20130813	62.94	63.34	62.42	63.05	394500
20130812	63.09	63.39	62.86	62.94	513300
20130809	63.00	63.74	62.97	63.25	568500
20130808	63.66	63.66	62.84	63.29	336800
20130807	63.50	63.56	63.08	63.36	825300
20130806	63.90	63.96	63.37	63.55	609800
20130805	64.00	64.12	63.50	63.92	672600
20130802	64.64	65.06	64.02	64.25	849400
20130801	64.43	64.99	64.16	64.46	1478200
20130731	64.52	65.59	62.84	64.36	2043500
20130730	61.04	61.31	60.66	60.86	1010200
20130729	61.31	61.64	61.13	61.23	325400
20130726	61.25	61.86	60.67	61.47	290900
20130725	61.67	62.22	61.51	61.70	471600
20130724	61.90	62.50	61.41	61.57	456800
20130723	61.97	62.28	61.41	61.68	353500
20130722	62.37	62.37	61.54	62.04	523100
20130719	61.75	62.59	61.46	61.87	705500
20130718	61.75	62.11	61.69	61.75	414000
20130717	62.34	62.34	61.73	61.75	297900
20130716	62.81	62.88	61.90	62.10	541400
20130715	63.12	63.42	62.45	62.88	396400
20130712	63.12	63.45	62.76	63.24	813700
20130711	62.00	62.69	61.84	62.64	484700
20130710	61.39	61.90	61.19	61.67	611000
20130709	61.90	62.00	61.39	61.50	779200
20130708	61.39	61.63	61.39	61.55	673600
20130705	61.00	61.25	60.48	61.23	575500
20130703	60.50	61.05	60.22	60.91	277400
20130702	60.55	61.02	60.43	60.47	510900
20130701	59.95	61.33	59.95	60.71	834200
20130628	58.90	60.11	58.75	59.70	1214300
20130627	58.36	58.85	58.31	58.65	314100
20130626	58.44	58.53	57.76	58.00	409000
20130625	58.50	58.74	57.39	58.10	737700
20130624	57.63	58.45	57.19	58.12	600700
20130621	57.72	58.37	57.69	57.78	1034100
20130620	59.10	59.10	57.43	57.70	673100
20130619	59.82	60.36	59.29	59.29	492100
20130618	59.93	60.42	59.56	60.11	537600
20130617	59.09	60.25	58.71	59.66	711100
20130614	58.78	59.07	58.55	58.81	436500
20130613	58.76	58.97	58.09	58.75	543100
20130612	59.60	59.74	58.53	58.65	581800
20130611	58.51	59.52	58.48	59.37	580300
20130610	59.20	59.47	58.94	59.26	442000
20130607	58.68	59.31	58.23	59.18	368100
20130606	57.87	58.60	57.84	58.60	626000
20130605	58.79	58.79	57.51	57.75	695400
20130604	59.17	59.49	58.60	58.85	546300
20130603	58.82	59.41	58.02	59.41	565400
20130531	58.90	59.58	58.68	58.82	1206700
20130530	59.22	59.66	59.09	59.18	1440100
20130529	59.31	59.56	58.67	59.30	1371000
20130528	59.00	59.63	59.00	59.50	1468800
20130524	59.96	59.99	58.96	59.34	1400800
20130523	59.74	60.40	59.06	59.99	1053200
20130522	60.50	61.00	59.59	59.90	832400
20130521	60.27	60.56	60.25	60.41	831000
20130520	60.56	60.73	60.14	60.33	540700
20130517	60.86	60.91	60.47	60.72	592900
20130516	59.76	60.92	58.62	60.40	642600
20130515	60.87	61.04	60.70	60.80	607700
20130514	60.44	60.82	60.44	60.70	641100
20130513	60.39	60.68	60.11	60.40	669000
20130510	61.01	61.13	60.56	60.59	490500
20130509	61.18	61.36	60.64	60.81	563400
20130508	60.73	61.30	60.44	61.02	892900
20130507	60.71	60.97	60.51	60.85	681100
20130506	60.74	61.25	60.36	60.46	783400
20130503	60.60	60.96	60.32	60.58	747200
20130502	59.83	61.17	59.16	60.65	501900
20130501	56.40	62.39	54.68	60.62	1261900
20130430	60.57	61.41	60.26	61.29	1019500
20130429	59.85	60.50	59.71	60.49	690400
20130426	59.91	59.99	59.59	59.82	486400
20130425	59.88	60.42	59.74	60.11	576000
20130424	59.76	60.25	59.55	59.63	583800
20130423	59.48	60.25	59.48	59.87	609100
20130422	59.25	59.47	58.80	59.18	474100
20130419	60.13	60.50	58.72	59.03	1086100
20130418	59.67	59.88	59.09	59.14	441300
20130417	59.23	59.92	59.22	59.67	744800
20130416	60.32	60.67	59.47	59.75	1501700
20130415	60.90	61.09	59.92	59.93	553600
20130412	61.18	61.26	60.73	61.15	363100
20130411	61.16	61.48	60.77	61.03	509700
20130410	59.92	61.31	59.87	61.23	756700
20130409	60.10	60.25	59.24	59.78	489200
20130408	58.90	60.22	58.90	59.93	625900
20130405	59.03	59.36	58.42	58.90	1107500
20130404	60.38	60.67	59.70	59.98	560900
20130403	61.22	61.37	60.16	60.47	531200
20130402	61.20	61.70	60.85	61.08	545800
20130401	61.10	61.88	60.61	61.14	787900
20130328	61.77	61.85	60.90	61.62	1221300
20130327	61.00	61.72	60.72	61.55	463800
20130326	61.39	61.64	61.00	61.38	438900
20130325	61.45	61.57	60.48	61.10	561800
20130322	60.31	61.42	60.31	61.23	719800
20130321	59.67	60.28	59.59	60.02	588600
20130320	60.26	60.49	59.45	60.07	719800
20130319	59.75	59.96	59.38	59.83	641900
20130318	59.38	60.01	59.28	59.73	621600
20130315	58.88	60.12	58.88	60.05	1564300
20130314	59.13	59.57	58.92	59.56	569700
20130313	59.01	59.55	58.42	59.19	925200
20130312	59.85	59.95	58.66	58.70	750700
20130311	59.68	59.84	59.25	59.84	492300
20130308	59.62	59.80	59.15	59.71	675000
20130307	59.47	59.82	59.00	59.37	737600
20130306	59.69	60.01	59.28	59.34	469600
20130305	59.48	59.54	58.60	59.32	828700
20130304	58.95	59.39	58.81	59.37	535900
20130301	58.18	59.02	57.97	59.00	956900
20130228	58.30	58.81	57.15	58.47	1249600
20130227	55.41	60.29	55.02	58.05	2422900
20130226	54.10	54.26	53.68	53.90	711000
20130225	54.67	55.06	53.65	53.70	625700
20130222	53.93	54.47	53.84	54.44	469500
20130221	54.25	54.32	53.50	53.73	434800
20130220	54.97	55.40	54.21	54.31	648800
20130219	54.87	55.02	54.58	55.00	469200
20130215	54.30	55.18	54.26	54.88	363500
20130214	54.47	54.55	54.26	54.27	406300
20130213	54.57	54.81	54.26	54.57	343900
20130212	54.52	54.60	53.70	54.23	447000
20130211	55.00	55.00	53.73	54.62	548600
20130208	54.65	55.13	54.28	54.90	364200
20130207	54.71	54.71	53.84	54.29	850900
20130206	54.94	55.18	54.42	54.50	774800
20130205	54.93	55.23	54.66	55.10	437400
20130204	55.43	55.73	54.64	54.81	508600
20130201	55.66	56.06	55.34	55.71	594400
20130131	55.09	55.50	54.57	55.16	596400
20130130	55.07	55.70	55.07	55.30	739700
20130129	54.63	55.36	54.50	55.31	450600
20130128	54.99	55.10	54.77	54.97	481400
20130125	55.09	55.27	54.77	54.99	625900
20130124	54.89	55.77	54.56	55.18	677300
20130123	54.68	54.75	54.37	54.52	424100
20130122	54.39	54.63	53.78	54.54	755900
20130118	53.62	54.65	53.57	54.58	574600
20130117	53.75	54.16	53.42	53.84	896800
20130116	54.81	55.11	53.82	53.89	1044300
20130115	54.14	55.09	54.14	55.03	1035200
20130114	54.72	55.40	53.97	54.42	958000
20130111	54.06	54.06	53.36	53.90	672200
20130110	54.30	54.30	53.67	53.87	1141200
20130109	53.82	54.20	53.58	53.95	668700
20130108	53.37	53.91	53.26	53.90	626400
20130107	53.24	53.49	53.08	53.26	1077500
20130104	53.43	53.98	53.25	53.50	692300
20130103	52.94	53.60	52.80	53.59	1201700
20130102	51.66	53.00	51.17	52.98	1305600
20121231	50.15	51.09	50.01	50.97	870500
20121228	49.01	50.47	49.01	50.11	763900
20121227	49.98	50.27	49.24	50.11	626900
20121226	50.46	50.80	49.98	50.11	424000
20121224	50.76	50.79	50.25	50.70	245800
20121221	50.76	51.29	50.50	50.96	5469400
20121220	50.82	51.25	50.62	51.13	1060300
20121219	50.49	51.37	49.90	51.11	1270100
20121218	50.09	50.63	49.85	50.23	939000
20121217	49.19	50.34	48.91	50.29	1432800
20121214	49.25	49.40	48.80	48.84	716900
20121213	49.55	49.67	49.15	49.21	708500
20121212	49.60	49.96	49.19	49.78	1179200
20121211	49.73	49.86	49.48	49.74	664800
20121210	49.57	49.94	48.96	49.45	910500
20121207	48.86	49.58	48.86	49.51	486800
20121206	49.04	49.24	48.81	49.07	914100
20121205	48.59	49.04	48.51	49.00	717700
20121204	49.99	49.99	48.25	48.60	1498800
20121203	49.79	49.97	49.09	49.67	818000
20121130	49.40	49.97	49.36	49.84	1157500
20121129	48.92	49.66	48.92	49.53	746100
20121128	48.10	48.99	48.07	48.91	607600
20121127	48.35	48.61	48.05	48.35	491200
20121126	48.02	48.58	48.01	48.52	756000
20121123	48.36	48.64	47.92	48.09	204900
20121121	47.89	48.41	47.49	48.36	787700
20121120	48.21	48.24	47.46	47.78	902800
20121119	48.40	48.65	47.54	48.03	778300
20121116	47.96	48.09	47.37	48.09	692800
20121115	48.35	49.14	47.50	47.97	1024300
20121114	49.05	49.05	48.34	48.49	561000
20121113	49.05	49.41	48.91	49.04	250400
20121112	49.00	49.30	48.89	49.11	334100
20121109	49.31	49.73	48.96	49.07	321100
20121108	49.52	49.62	49.19	49.33	495300
20121107	49.41	50.02	49.31	49.54	777200
20121106	49.79	50.52	49.60	50.41	919800
20121105	49.63	50.00	49.26	49.78	1088500
20121102	50.73	51.71	49.09	49.59	1989600
20121101	51.00	51.69	50.93	51.35	1063400
20121031	47.63	52.13	47.63	51.12	3441000
20121026	46.49	46.77	46.18	46.67	291700
20121025	45.20	46.42	45.09	46.29	619800
20121024	46.67	46.81	45.92	46.50	487400
20121023	45.46	46.47	45.04	46.30	516300
20121022	46.36	46.58	45.67	45.95	617000
20121019	46.93	47.17	46.13	46.50	525100
20121018	47.51	47.58	46.86	46.96	487500
20121017	47.36	47.61	47.11	47.42	850100
20121016	47.29	47.38	46.96	47.38	759300
20121015	47.00	47.14	46.70	46.99	726300
20121012	46.89	47.20	46.87	47.03	608500
20121011	47.80	47.83	46.84	46.93	435600
20121010	47.71	48.10	47.12	47.34	456900
20121009	48.10	48.29	47.56	47.72	1029400
20121008	47.94	48.42	47.81	48.34	402000
20121005	48.09	48.37	47.88	48.16	741600
20121004	47.64	47.88	47.54	47.88	367000
20121003	47.11	47.67	46.81	47.63	543400
20121002	47.33	47.51	46.78	47.02	486700
20121001	47.93	48.20	47.02	47.40	462900
20120928	47.87	47.87	46.98	47.61	692700
20120927	47.38	48.40	46.90	47.81	924500
20120926	47.00	47.25	46.77	47.24	809900
20120925	46.99	47.11	46.66	46.81	975300
20120924	46.80	47.59	46.25	47.26	653900
20120921	47.35	47.92	47.05	47.19	594200
20120920	47.54	47.71	47.04	47.30	589200
20120919	47.97	48.05	47.55	47.59	551000
20120918	47.75	48.11	47.49	47.91	478100
20120917	47.33	48.13	47.33	47.96	555600
20120914	48.09	48.14	47.48	47.68	463200
20120913	48.07	48.29	47.92	48.08	346800
20120912	47.98	48.25	47.76	48.15	412300
20120911	48.14	48.24	47.85	47.98	425200
20120910	48.49	48.69	48.04	48.08	465200
20120907	48.95	49.58	48.71	48.90	480500
20120906	48.03	49.72	47.95	49.13	1215400
20120905	48.10	48.14	47.47	47.64	825600
20120904	48.42	48.59	47.95	48.30	545300
20120831	48.35	48.69	48.20	48.52	530700
20120830	48.21	48.21	47.61	48.01	323700
20120829	48.19	48.29	47.77	48.24	440700
20120828	48.06	48.29	47.62	47.93	472200
20120827	48.51	48.71	48.25	48.29	254000
20120824	48.39	48.90	48.37	48.58	349600
20120823	48.12	48.63	48.12	48.35	649900
20120822	48.71	48.80	48.19	48.32	509500
20120821	48.66	49.09	48.40	48.69	628100
20120820	49.11	49.38	48.57	48.88	590900
20120817	48.87	49.32	48.58	49.12	612200
20120816	48.68	48.87	48.44	48.71	801100
20120815	49.00	49.26	48.70	48.83	387800
20120814	48.89	49.12	48.51	49.02	522000
20120813	48.53	48.82	48.41	48.73	525800
20120810	48.75	48.95	48.05	48.62	723100
20120809	49.05	49.05	48.46	48.74	941200
20120808	46.84	49.47	46.00	48.96	1617700
20120807	46.40	47.27	46.25	47.13	1414600
20120806	47.36	47.77	46.17	46.39	1246800
20120803	48.15	48.29	47.24	47.38	856300
20120802	48.49	48.49	47.01	47.79	1598200
20120801	48.33	50.00	46.50	47.88	2637400
20120731	50.67	50.67	49.75	50.25	619500
20120730	50.79	50.96	50.00	50.45	603400
20120727	50.18	50.88	49.84	50.86	804200
20120726	49.30	50.05	49.30	49.92	931400
20120725	48.86	49.33	48.44	48.93	583900
20120724	49.27	49.49	48.74	48.95	577600
20120723	49.19	49.59	48.33	49.41	460300
20120720	50.00	50.35	49.50	49.55	591800
20120719	50.74	50.86	50.26	50.44	470200
20120718	50.72	51.00	50.50	50.74	291500
20120717	50.26	50.97	50.07	50.94	548500
20120716	50.47	50.67	49.94	50.01	630400
20120713	49.88	50.72	49.88	50.65	405500
20120712	49.47	49.98	49.38	49.83	1001900
20120711	49.86	49.96	49.31	49.78	478700
20120710	49.79	50.08	49.51	49.83	722500
20120709	49.64	49.86	49.16	49.76	413600
20120706	49.74	49.96	49.31	49.69	699000
20120705	49.98	50.66	49.80	49.88	1015800
20120703	50.29	50.42	49.90	50.07	345500
20120702	49.03	50.17	49.03	50.15	934200
20120629	48.34	49.34	48.20	49.26	1071100
20120628	48.10	48.30	47.56	47.92	785100
20120627	47.46	48.58	47.46	48.37	637400
20120626	47.51	47.67	47.01	47.58	741000
20120625	47.61	47.97	47.26	47.40	741000
20120622	48.40	48.63	48.02	48.08	2714200
20120621	48.38	48.93	48.27	48.45	952700
20120620	49.25	49.25	47.92	48.43	1165800
20120619	49.00	49.25	48.80	49.04	1134900
20120618	48.54	49.00	48.16	48.85	765500
20120615	48.34	48.61	48.01	48.55	907900
20120614	47.75	48.09	47.68	48.08	593100
20120613	47.23	47.77	47.07	47.70	837600
20120612	47.54	47.74	47.35	47.43	421200
20120611	48.05	48.09	47.55	47.60	663900
20120608	47.06	47.60	46.91	47.59	708900
20120607	47.54	47.77	46.94	47.09	632300
20120606	46.76	47.44	46.70	47.30	588000
20120605	46.67	46.79	45.85	46.37	809200
20120604	46.51	46.84	46.27	46.55	629600
20120601	47.55	47.78	46.43	46.75	761600
20120531	47.89	48.05	47.43	47.90	805500
20120530	47.60	48.29	47.60	47.89	668500
20120529	48.27	48.29	47.72	48.09	440100
20120525	47.39	48.24	47.39	47.96	382600
20120524	48.20	48.36	47.72	47.98	506200
20120523	47.81	48.08	47.41	47.96	616000
20120522	47.90	48.20	47.64	47.97	534000
20120521	47.67	47.67	47.13	47.58	1053400
20120518	47.94	48.11	47.22	47.32	695000
20120517	48.90	48.90	47.71	47.94	487300
20120516	49.03	49.24	48.76	48.98	463800
20120515	48.83	49.09	48.58	48.89	763800
20120514	48.71	48.83	48.20	48.69	505600
20120511	48.37	49.02	48.34	48.94	450300
20120510	48.47	48.60	48.10	48.52	473000
20120509	48.73	48.88	48.10	48.19	1109400
20120508	48.57	49.00	48.28	48.99	922400
20120507	49.03	49.09	48.58	48.81	979700
20120504	48.65	49.09	48.56	49.03	743200
20120503	49.36	49.43	48.44	48.84	1424400
20120502	47.60	49.38	47.40	49.18	1651300
20120501	49.15	49.38	48.09	48.17	1270100
20120430	49.32	49.41	48.87	48.95	679700
20120427	49.47	49.66	49.20	49.43	782800
20120426	48.35	49.30	48.35	49.23	902300
20120425	48.28	48.60	47.98	48.47	808700
20120424	48.00	48.47	47.71	47.77	726700
20120423	47.72	48.19	47.52	48.14	677800
20120420	47.84	48.10	47.59	47.97	853300
20120419	48.00	48.19	47.35	47.62	436000
20120418	47.65	48.00	47.47	48.00	463700
20120417	47.47	47.99	47.17	47.69	608200
20120416	47.33	47.50	46.90	47.04	496600
20120413	47.55	47.57	47.11	47.23	473900
20120412	47.73	47.89	47.26	47.47	725700
20120411	46.71	47.96	46.48	47.91	1382900
20120410	46.88	47.00	46.03	46.34	737500
20120409	46.97	46.97	46.67	46.83	603000
20120405	46.98	47.23	46.77	47.13	692400
20120404	47.13	47.26	46.72	47.19	554700
20120403	46.67	47.44	46.67	47.34	577600
20120402	46.76	46.95	46.54	46.82	928800
20120330	47.04	47.18	46.75	46.97	962900
20120329	46.53	47.00	46.53	46.94	476900
20120328	47.02	47.19	46.47	46.77	631800
20120327	47.43	47.53	46.82	46.89	1731600
20120326	46.28	47.36	46.25	47.33	1414100
20120323	46.37	46.39	45.75	46.00	922800
20120322	45.77	46.25	45.63	46.09	1021800
20120321	45.52	46.29	45.36	45.80	815800
20120320	45.28	45.50	44.92	45.44	879600
20120319	45.58	45.72	45.02	45.22	1090500
20120316	45.00	45.23	44.62	44.73	404400
20120315	44.76	45.10	44.52	44.99	658200
20120314	45.22	45.22	44.49	44.65	523400
20120313	45.02	45.40	44.57	45.39	586100
20120312	45.37	45.37	44.68	44.74	634900
20120309	44.26	45.32	44.17	45.10	918200
20120308	44.21	44.63	44.10	44.15	593100
20120307	43.74	45.13	43.41	44.16	1788100
20120306	43.09	43.81	43.01	43.80	994600
20120305	43.36	43.60	42.86	43.57	879800
20120302	42.99	43.65	42.38	42.65	741200
20120301	43.56	43.99	43.04	43.20	886900
20120229	44.38	44.58	43.18	43.50	3615900
20120228	42.43	42.43	42.04	42.18	712000
20120227	42.00	42.54	41.67	42.14	736100
20120224	41.64	42.04	41.34	42.00	581700
20120223	41.13	41.86	41.13	41.75	340200
20120222	41.16	41.44	40.88	41.23	271200
20120221	41.10	41.20	40.51	40.97	607900
20120217	41.40	41.84	41.27	41.28	296800
20120216	41.54	41.71	41.17	41.54	688300
20120215	40.70	41.51	40.65	41.30	1030800
20120214	40.27	40.66	39.68	40.65	416100
20120213	40.54	40.96	40.37	40.47	377500
20120210	40.44	40.54	39.84	40.44	363500
20120209	40.85	40.99	40.55	40.68	277400
20120208	40.79	41.15	40.72	40.81	385300
20120207	40.98	41.08	40.79	40.92	474500
20120206	39.97	41.18	39.94	41.10	978500
20120203	39.87	40.63	39.64	40.61	834500
20120202	40.02	40.02	39.38	39.47	680800
20120201	40.31	40.56	39.80	39.92	1148000
20120131	40.36	40.79	40.00	40.06	569400
20120130	40.12	40.49	40.05	40.26	381700
20120127	39.92	40.47	39.92	40.26	457100
20120126	40.27	40.71	40.02	40.09	526300
20120125	39.94	40.35	39.75	40.30	607700
20120124	39.66	40.39	39.66	39.98	666000
20120123	39.93	40.20	39.39	39.96	617900
20120120	40.37	40.62	39.78	40.01	862200
20120119	39.91	41.01	39.71	40.48	1044200
20120118	39.32	39.98	39.06	39.97	509400
20120117	40.16	40.17	39.27	39.29	648500
20120113	39.70	40.08	39.70	40.00	291900
20120112	40.34	40.39	39.65	39.80	612000
20120111	39.66	40.25	39.25	40.23	598700
20120110	39.49	39.80	39.46	39.77	757300
20120109	39.49	39.50	38.88	39.38	461100
20120106	39.04	39.49	39.02	39.37	588700
20120105	38.86	39.23	38.44	39.13	635600
20120104	39.20	39.31	38.58	38.98	660800
20120103	40.51	40.52	39.36	39.36	1294800
20111230	40.01	40.21	39.88	40.13	280800
20111229	39.80	40.17	39.70	40.01	500800
20111228	39.78	39.99	39.61	39.87	476900
20111227	39.39	39.99	39.18	39.95	411200
20111223	39.43	39.68	39.22	39.63	471700
20111222	39.45	39.59	39.08	39.18	609000
20111221	39.91	39.93	39.34	39.50	1022700
20111220	39.07	40.00	39.00	39.83	863500
20111219	39.40	39.52	39.00	39.07	980500
20111216	38.58	39.84	38.48	39.40	3969000
20111215	38.69	38.69	38.20	38.48	893100
20111214	38.26	38.43	37.86	38.27	883500
20111213	38.43	38.95	38.22	38.54	772900
20111212	38.47	38.70	38.09	38.57	903900
20111209	38.19	38.98	38.03	38.91	811000
20111208	38.22	38.57	38.00	38.00	819100
20111207	37.76	38.64	37.34	38.57	837600
20111206	38.85	39.02	37.98	38.06	1001300
20111205	39.63	39.75	38.49	38.74	1411900
20111202	39.27	39.39	39.00	39.30	1477600
20111201	39.03	39.37	38.66	38.75	774200
20111130	38.05	39.32	37.93	39.28	1544100
20111129	37.62	37.76	37.36	37.36	801100
20111128	37.78	38.14	37.25	37.28	935400
20111125	36.57	37.29	36.41	37.15	1169900
20111123	36.70	37.02	36.37	36.80	681200
20111122	36.47	37.02	36.37	36.89	933400
20111121	35.90	36.79	35.60	36.54	951100
20111118	36.59	36.83	36.19	36.19	724600
20111117	36.91	37.15	36.35	36.45	604700
20111116	37.41	37.90	37.04	37.06	460500
20111115	37.03	37.86	36.95	37.71	819400
20111114	38.23	38.23	36.94	37.24	798000
20111111	37.95	38.16	37.66	37.78	577000
20111110	37.80	38.25	37.42	37.72	721700
20111109	36.96	37.65	36.62	37.46	645500
20111108	38.00	38.00	37.57	37.80	916300
20111107	37.96	38.00	37.70	37.88	1152200
20111104	36.90	38.34	36.89	37.97	1973000
20111103	36.00	37.70	35.84	37.42	2097600
20111102	34.25	36.00	33.87	35.80	2036600
20111101	35.01	35.01	33.66	33.72	1055500
20111031	34.56	35.58	34.31	35.15	1335100
20111028	34.70	35.03	34.47	34.96	650100
20111027	34.61	35.00	34.43	34.77	547900
20111026	34.29	34.51	33.72	34.14	576900
20111025	34.53	34.76	33.93	33.97	456800
20111024	34.61	34.90	34.48	34.77	497400
20111021	34.46	34.76	34.34	34.58	471000
20111020	33.97	34.48	33.68	34.43	703300
20111019	33.72	34.41	33.67	34.03	753600
20111018	33.97	34.09	33.64	33.90	853600
20111017	34.67	34.98	33.90	33.90	542700
20111014	34.99	35.08	34.65	34.90	450800
20111013	35.05	35.13	34.61	34.73	603400
20111012	35.16	35.21	34.80	35.08	609800
20111011	34.67	35.12	34.54	35.00	666000
20111010	34.85	34.98	34.35	34.95	412700
20111007	34.32	35.00	34.05	34.62	852000
20111006	34.18	34.51	33.92	34.31	478900
20111005	34.66	34.92	34.03	34.25	806200
20111004	32.66	34.69	32.66	34.64	1177200
20111003	34.58	35.14	32.79	33.06	1153000
20110930	34.05	34.88	33.82	34.77	960800
20110929	34.59	34.59	33.60	34.49	797700
20110928	34.62	34.94	34.12	34.17	692300
20110927	34.78	34.86	33.92	34.49	519900
20110926	33.28	33.62	32.54	33.62	756800
20110923	33.66	33.95	32.87	33.13	681700
20110922	34.24	34.34	33.52	33.93	655500
20110921	34.90	35.16	34.70	35.00	712100
20110920	34.49	35.27	34.27	34.87	771000
20110919	34.25	34.58	34.06	34.36	391300
20110916	34.81	35.27	34.70	34.78	648700
20110915	35.08	35.08	34.62	34.79	771200
20110914	33.86	35.02	33.70	34.74	845500
20110913	33.34	33.71	33.15	33.66	370100
20110912	33.01	33.26	32.54	33.26	477800
20110909	34.04	34.09	33.22	33.44	589700
20110908	34.05	34.60	33.90	34.20	381700
20110907	33.75	34.34	33.54	34.33	491300
20110906	33.57	33.57	32.89	33.46	531100
20110902	34.25	34.49	33.79	33.92	398100
20110901	34.99	35.04	34.36	34.54	555600
20110831	34.80	35.10	34.64	34.84	1374400
20110830	34.37	34.80	34.17	34.52	655900
20110829	33.97	34.46	33.79	34.42	634400
20110826	33.31	33.73	32.80	33.67	619000
20110825	34.03	34.05	33.21	33.32	640100
20110824	33.38	34.14	33.38	33.97	947600
20110823	32.90	34.00	32.37	33.97	1382100
20110822	32.03	32.97	31.86	32.83	1790300
20110819	31.66	32.10	31.38	31.64	1351000
20110818	31.72	31.85	31.19	31.68	1216000
20110817	32.56	32.98	32.08	32.39	580900
20110816	32.39	32.80	32.19	32.50	1139500
20110815	32.29	32.47	31.99	32.21	465300
20110812	32.19	32.41	31.71	32.22	405100
20110811	31.21	32.22	30.97	31.92	814500
20110810	31.42	31.57	30.95	30.98	1484900
20110809	31.66	32.10	30.88	31.93	2793900
20110808	32.61	32.89	31.08	31.50	2519400
20110805	33.03	33.38	32.10	33.18	1875200
20110804	33.20	33.21	32.60	32.99	1809600
20110803	31.74	33.53	31.40	33.43	2174000
20110802	32.55	32.62	31.34	31.45	972900
20110801	33.55	33.55	32.59	32.80	887100
20110729	33.00	33.38	32.80	33.30	726600
20110728	33.30	33.35	33.00	33.23	469800
20110727	33.30	33.70	33.10	33.16	1017600
20110726	33.50	33.61	33.34	33.50	469500
20110725	33.46	33.71	33.21	33.67	644400
20110722	33.58	33.75	33.39	33.51	247100
20110721	33.51	33.73	33.40	33.55	296300
20110720	33.55	33.55	33.05	33.40	765200
20110719	33.84	34.02	33.29	33.38	1114300
20110718	33.19	33.81	33.02	33.70	743000
20110715	33.63	33.66	33.10	33.31	1034400
20110714	34.19	34.32	33.54	33.54	312400
20110713	34.20	34.49	34.03	34.14	337000
20110712	34.34	34.53	34.02	34.05	600800
20110711	34.68	34.92	34.38	34.45	350400
20110708	34.97	35.10	34.58	34.95	285300
20110707	35.09	35.42	34.99	35.15	462600
20110706	34.76	35.07	34.55	34.98	555000
20110705	34.97	34.97	34.56	34.75	622700
20110701	34.68	34.99	34.57	34.91	769100
20110630	34.50	34.86	34.36	34.62	684700
20110629	34.43	34.43	34.23	34.37	416100
20110628	33.97	34.93	33.90	34.27	441600
20110627	33.99	34.09	33.86	33.97	484800
20110624	34.37	34.39	33.91	33.99	2212900
20110623	33.90	34.35	33.77	34.33	1116700
20110622	33.77	34.36	33.77	34.20	795500
20110621	34.00	34.25	33.69	34.00	759900
20110620	33.72	34.05	33.64	33.94	607400
20110617	34.10	34.19	33.77	33.87	818500
20110616	33.88	34.07	33.70	34.05	1049600
20110615	33.57	33.85	33.40	33.82	1228500
20110614	33.79	33.88	33.49	33.83	1274500
20110613	33.69	33.80	33.52	33.56	683000
20110610	33.74	33.90	33.53	33.70	822500
20110609	33.67	33.90	33.35	33.89	946800
20110608	33.56	33.68	33.46	33.57	794600
20110607	34.03	34.03	33.50	33.59	764300
20110606	33.97	34.09	33.78	34.06	929700
20110603	33.89	34.19	33.70	34.12	886200
20110602	33.86	34.40	33.71	34.10	754000
20110601	34.07	34.11	33.79	33.93	2948000
20110531	33.94	34.13	33.50	34.05	1351800
20110527	33.79	34.01	33.73	33.92	871600
20110526	33.73	33.90	33.62	33.79	1031300
20110525	33.58	34.02	33.58	33.84	513000
20110524	33.87	33.97	33.60	33.73	420800
20110523	33.69	33.98	33.48	33.95	585900
20110520	34.53	34.53	33.98	34.02	1072800
20110519	34.74	35.00	34.52	34.72	730500
20110518	34.22	34.64	33.95	34.62	592400
20110517	34.03	34.14	33.98	34.07	430500
20110516	34.37	34.57	34.00	34.16	455500
20110513	34.51	34.72	34.31	34.50	411100
20110512	34.39	34.80	34.37	34.70	739000
20110511	34.24	34.49	34.11	34.37	550500
20110510	34.00	34.42	33.93	34.41	480700
20110509	34.00	34.14	33.86	34.01	417300
20110506	34.29	34.49	33.86	33.97	616300
20110505	33.54	34.17	33.25	34.16	1245300
20110504	33.20	33.74	32.87	33.60	1394100
20110503	32.86	33.55	32.86	33.39	1434400
20110502	32.91	33.12	32.66	32.85	1213600
20110429	32.97	33.18	32.81	32.90	850000
20110428	32.93	33.16	32.86	33.00	1000000
20110427	33.64	33.64	33.00	33.09	1043600
20110426	33.41	33.51	33.23	33.45	934400
20110425	33.11	33.22	32.98	33.16	496800
20110421	33.02	33.09	32.80	33.02	719600
20110420	33.14	33.19	32.89	32.97	526800
20110419	33.22	33.51	32.85	32.98	842800
20110418	32.90	33.12	32.53	33.00	452800
20110415	33.50	33.54	32.97	33.08	361100
20110414	32.90	33.42	32.62	33.34	437000
20110413	32.90	33.39	32.65	33.14	958900
20110412	32.46	32.62	32.36	32.62	435000
20110411	32.54	32.60	32.24	32.54	673000
20110408	33.02	33.11	32.42	32.61	307700
20110407	33.35	33.44	32.88	33.00	421200
20110406	33.61	33.70	33.43	33.45	450500
20110405	33.15	33.51	33.10	33.46	345200
20110404	33.22	33.35	33.00	33.13	420900
20110401	32.62	33.30	32.56	33.30	877400
20110331	32.69	32.77	32.47	32.76	649400
20110330	32.75	32.86	32.61	32.77	428900
20110329	32.28	32.71	32.03	32.71	543000
20110328	32.40	32.42	32.17	32.22	347500
20110325	32.39	32.71	32.28	32.40	620200
20110324	31.95	32.86	31.91	32.49	1027700
20110323	31.61	31.96	31.40	31.95	704800
20110322	31.81	31.87	31.59	31.71	632000
20110321	31.77	32.15	31.60	31.91	431700
20110318	31.36	31.74	31.18	31.62	795100
20110317	31.69	31.76	30.96	30.97	861500
20110316	31.61	31.85	31.20	31.23	714500
20110315	31.13	31.79	31.12	31.73	761000
20110314	31.94	32.01	31.50	31.76	399000
20110311	31.92	32.28	31.66	32.20	490500
20110310	32.17	32.40	31.94	32.01	879300
20110309	32.17	32.69	32.10	32.41	719700
20110308	31.93	32.41	31.72	32.30	830300
20110307	31.11	32.00	31.11	31.95	1710800
20110304	31.29	31.60	31.04	31.17	954200
20110303	31.56	31.79	31.11	31.30	1253300
20110302	30.89	31.43	30.76	31.31	2371000
20110301	32.11	32.68	30.89	31.02	6824300
20110228	32.63	32.66	32.21	32.35	2232300
20110225	32.55	32.75	32.36	32.49	1195800
20110224	32.48	32.64	32.30	32.44	711100
20110223	33.16	33.22	32.45	32.57	474500
20110222	33.46	33.74	33.17	33.19	679700
20110218	33.29	33.85	33.29	33.78	406100
20110217	33.72	33.82	33.31	33.43	1374000
20110216	33.80	33.90	33.67	33.75	470200
20110215	33.75	33.95	33.72	33.73	298100
20110214	33.80	33.90	33.58	33.85	361200
20110211	33.91	34.04	33.56	33.86	756500
20110210	33.87	33.94	33.70	33.76	635300
20110209	33.70	33.99	33.69	33.90	295200
20110208	33.85	34.00	33.74	33.77	299100
20110207	33.89	34.05	33.69	33.90	657000
20110204	33.80	34.01	33.74	33.76	274400
20110203	33.88	34.01	33.80	33.85	411200
20110202	34.07	34.28	33.85	33.88	279000
20110201	34.05	34.42	33.90	34.18	899300
20110131	33.70	34.07	33.52	33.83	329300
20110128	34.18	34.24	33.64	33.75	495200
20110127	33.99	34.30	33.89	34.22	586600
20110126	34.23	34.31	33.99	34.06	570800
20110125	33.70	34.16	33.65	34.13	739800
20110124	33.31	33.98	33.31	33.84	450100
20110121	33.50	33.65	33.11	33.36	434700
20110120	33.41	33.54	33.23	33.41	483200
20110119	33.63	33.80	33.37	33.58	759000
20110118	33.63	33.94	33.48	33.59	512100
20110114	33.91	34.15	33.68	33.73	819000
20110113	34.04	34.04	33.80	34.00	326400
20110112	34.00	34.20	33.81	34.10	816900
20110111	34.32	34.37	33.81	33.94	479200
20110110	34.20	34.39	34.04	34.29	349200
20110107	34.42	34.48	34.20	34.24	275500
20110106	34.50	34.50	34.24	34.34	436000
20110105	34.02	34.42	34.00	34.32	469200
20110104	34.44	34.75	34.05	34.27	509100
20110103	34.13	35.36	34.13	34.47	926000
20101231	34.25	34.44	34.00	34.08	395600
20101230	34.38	34.86	34.24	34.39	333200
20101229	34.23	34.46	34.14	34.36	253500
20101228	34.49	34.58	34.22	34.31	204900
20101227	34.12	34.64	33.93	34.60	224800
20101223	34.34	34.50	34.05	34.20	499300
20101222	34.30	34.50	34.28	34.45	304100
20101221	34.40	34.66	34.29	34.44	747100
20101220	33.93	34.58	33.73	34.41	464200
20101217	33.36	34.21	33.32	33.93	864100
20101216	32.15	33.53	32.15	33.51	871200
20101215	33.24	33.33	33.13	33.19	758500
20101214	32.87	33.28	32.84	33.19	707500
20101213	33.19	33.25	32.86	32.97	308800
20101210	33.42	33.42	32.27	33.00	748600
20101209	33.50	33.50	33.32	33.41	867500
20101208	32.69	33.56	32.48	33.30	942600
20101207	32.20	32.90	31.21	32.51	689400
20101206	31.51	32.02	31.08	31.92	648000
20101203	31.04	31.96	30.95	31.57	1048300
20101202	30.83	31.10	30.83	30.97	424200
20101201	30.45	31.04	30.31	30.89	596600
20101130	29.80	30.38	29.80	30.27	1028600
20101129	30.30	30.30	29.97	30.08	1118200
20101126	30.40	30.56	29.90	30.46	158200
20101124	30.60	30.74	30.48	30.59	416900
20101123	30.70	30.80	30.45	30.45	320100
20101122	30.64	30.95	30.42	30.89	1020100
20101119	31.00	31.10	30.57	30.73	1999200
20101118	30.68	31.04	30.65	31.00	528100
20101117	30.36	30.60	30.29	30.55	438700
20101116	30.15	30.41	30.01	30.40	582600
20101115	29.94	30.55	29.85	30.11	242000
20101112	30.13	30.34	29.97	29.98	271400
20101111	30.29	30.40	29.98	30.09	322300
20101110	29.92	30.53	29.92	30.53	734200
20101109	30.22	30.36	29.94	29.99	786000
20101108	30.16	30.48	30.07	30.10	1408100
20101105	30.63	30.80	30.20	30.27	852200
20101104	29.87	30.68	29.77	30.51	2804500
20101103	29.21	29.52	29.14	29.39	465100
20101102	29.67	29.67	29.28	29.34	604300
20101101	29.80	29.80	29.31	29.70	607900
20101029	29.46	29.89	28.82	29.81	568000
20101028	29.90	29.92	29.43	29.59	457600
20101027	29.87	30.00	29.68	29.89	672700
20101026	29.96	30.00	29.81	30.00	531500
20101025	29.93	29.97	29.65	29.77	360300
20101022	29.24	29.88	28.98	29.81	447300
20101021	29.68	29.78	28.97	29.32	1037000
20101020	29.50	29.73	29.50	29.67	567500
20101019	29.30	29.74	28.70	29.49	1110100
20101018	29.00	29.58	28.95	29.53	676100
20101015	28.67	28.98	28.42	28.88	551000
20101014	28.26	28.67	28.11	28.62	1269900
20101013	28.74	28.75	28.26	28.40	824600
20101012	28.56	28.69	28.11	28.63	785500
20101011	27.92	28.25	27.77	28.20	439000
20101008	27.73	28.05	27.51	28.00	518900
20101007	27.99	27.99	27.58	27.64	422700
20101006	27.67	28.01	27.54	27.92	359400
20101005	28.04	28.25	27.60	27.70	1961400
20101004	28.30	28.42	27.99	28.08	947300
20101001	27.74	28.74	27.13	28.32	1222000
20100930	27.84	28.18	27.63	28.01	1256500
20100929	27.25	27.93	27.23	27.87	1551000
20100928	27.56	27.69	27.04	27.25	9182900
20100927	28.00	28.45	27.45	27.54	817200
20100924	28.43	28.75	27.98	28.39	798400
20100923	27.94	28.45	27.51	28.31	492600
20100922	28.05	28.60	28.00	28.47	244000
20100921	28.10	28.11	27.95	28.01	190500
20100920	28.00	28.25	27.98	28.19	254800
20100917	28.43	28.43	27.87	28.00	747900
20100916	28.31	28.31	27.80	27.84	518700
20100915	27.69	28.75	27.40	28.42	708600
20100914	27.86	28.11	27.76	27.83	229400
20100913	27.80	28.19	27.73	28.00	326300
20100910	27.70	28.43	27.66	27.85	324500
20100909	27.68	27.99	27.68	27.80	306900
20100908	27.84	28.02	27.53	27.56	249300
20100907	28.05	28.38	27.81	27.86	320800
20100903	28.43	28.43	28.13	28.15	318900
20100902	28.04	28.49	28.00	28.37	400800
20100901	27.83	28.25	27.82	28.14	738300
20100831	27.70	28.07	27.42	27.82	579200
20100830	27.67	28.22	27.67	27.75	227700
20100827	27.60	28.29	27.42	27.92	329200
20100826	27.70	27.92	27.40	27.60	251700
20100825	27.87	28.22	27.70	27.77	365000
20100824	28.00	28.33	28.00	28.00	230100
20100823	28.46	28.50	27.81	27.96	204200
20100820	28.18	28.50	28.07	28.47	296600
20100819	28.18	28.40	27.97	28.32	290500
20100818	28.27	28.48	28.00	28.19	276500
20100817	28.25	28.50	28.00	28.40	312200
20100816	28.14	28.66	28.00	28.20	517800
20100813	28.17	28.37	28.16	28.31	265600
20100812	28.02	28.99	28.00	28.34	375100
20100811	28.10	30.30	28.02	28.37	675100
20100810	28.22	28.54	28.03	28.42	320700
20100809	28.50	28.68	28.42	28.47	331500
20100806	28.39	29.00	27.80	28.50	1452300
20100805	28.75	28.96	27.80	28.60	829900
20100804	28.85	29.53	28.85	29.43	126200
20100803	29.41	29.58	28.76	28.82	291200
20100802	30.01	30.07	29.27	29.39	374000
20100730	28.93	29.83	28.75	29.69	277800
20100729	29.20	29.60	28.94	29.14	150100
20100728	29.42	29.68	28.99	29.12	270300
20100727	30.00	30.09	29.50	29.60	187700
20100726	29.50	30.15	29.13	29.98	325700
20100723	28.88	29.60	28.86	29.45	359400
20100722	28.67	28.88	28.63	28.79	170900
20100721	28.85	29.27	28.41	28.53	749400
20100720	28.52	28.86	28.42	28.80	396300
20100719	28.80	29.05	28.64	28.75	402400
20100716	28.90	29.25	28.75	28.85	483600
20100715	29.23	29.46	28.94	29.00	427700
20100714	29.25	29.38	28.97	29.31	500900
20100713	29.41	29.41	28.81	29.21	860900
20100712	29.22	29.80	29.15	29.19	358900
20100709	29.36	29.78	29.11	29.37	335200
20100708	29.58	29.70	29.40	29.41	393900
20100707	30.05	30.05	29.35	29.58	344400
20100706	30.35	30.35	29.76	30.05	471900
20100702	30.46	30.72	29.93	30.13	386100
20100701	29.95	30.34	29.60	30.20	664000
20100630	29.59	30.52	29.50	29.90	503400
20100629	30.40	30.76	29.64	29.70	295400
20100628	30.81	31.11	30.56	30.82	634400
20100625	30.11	30.93	30.11	30.93	1496400
20100624	30.32	30.48	30.10	30.12	211500
20100623	30.50	30.57	30.01	30.37	468900
20100622	30.14	30.78	30.14	30.66	797600
20100621	30.50	30.60	29.89	29.97	223700
20100618	30.40	30.50	30.20	30.40	332800
20100617	30.41	30.60	30.19	30.35	279900
20100616	30.34	30.47	30.12	30.22	390900
20100615	30.50	30.66	29.66	30.53	688400
20100614	29.65	30.52	29.56	30.40	424700
20100611	29.20	29.61	29.20	29.55	234800
20100610	29.21	29.54	28.82	29.47	640900
20100609	29.81	29.99	28.85	28.95	791200
20100608	29.49	29.73	29.32	29.58	935700
20100607	30.07	30.58	29.56	29.58	692100
20100604	30.28	30.50	29.91	30.02	896100
20100603	30.10	30.80	30.05	30.71	667300
20100602	29.57	30.26	29.25	30.26	757500
20100601	30.33	30.48	29.61	29.70	673000
20100528	29.58	30.40	29.58	30.25	515900
20100527	29.45	29.93	29.32	29.76	736200
20100526	30.05	30.21	29.01	29.25	4949700
20100525	28.62	29.73	28.42	29.73	1114400
20100524	28.81	29.73	28.81	29.23	964300
20100521	28.88	29.26	28.46	29.01	1018600
20100520	29.47	30.28	28.97	29.24	572200
20100519	30.04	30.49	29.60	29.99	735000
20100518	30.80	31.15	30.11	30.30	1480700
20100517	30.78	31.75	30.53	30.75	1406200
20100514	30.18	30.94	30.10	30.83	1102700
20100513	29.66	31.48	29.55	30.30	1505400
20100512	28.85	30.32	28.32	29.92	2098900
20100511	27.67	28.51	27.56	28.46	584200
20100510	28.48	28.49	27.65	27.83	889100
20100507	27.78	28.23	27.46	27.72	1907800
20100506	28.20	28.45	27.78	27.99	604500
20100505	28.08	28.56	28.00	28.30	423100
20100504	28.02	28.46	27.94	28.35	471600
20100503	27.90	28.24	27.79	28.15	530400
20100430	27.92	28.73	27.92	28.02	269600
20100429	27.86	28.07	27.69	28.03	532000
20100428	28.33	28.33	27.75	27.80	518600
20100427	28.53	28.60	28.29	28.51	221200
20100426	28.21	28.64	28.21	28.56	344800
20100423	28.08	28.39	28.06	28.31	211700
20100422	28.01	28.36	28.00	28.20	225800
20100421	28.36	28.60	28.00	28.16	406100
20100420	28.33	28.73	28.19	28.29	177100
20100419	28.02	28.49	27.90	28.24	295500
20100416	28.06	28.20	28.00	28.02	356700
20100415	28.39	28.52	28.13	28.19	438900
20100414	28.02	28.64	28.02	28.56	1019800
20100413	28.00	28.34	27.99	28.07	938700
20100412	27.88	28.29	27.77	28.04	181300
20100409	27.81	28.09	27.64	27.98	411400
20100408	27.66	27.93	27.52	27.65	318300
20100407	28.02	28.18	27.52	27.81	548500
20100406	27.72	28.19	27.59	28.16	543700
20100405	27.68	28.06	27.53	27.89	406400
20100401	28.25	28.42	27.87	27.99	537000
20100331	27.93	28.36	27.93	28.20	480200
20100330	28.11	28.22	27.84	27.91	732900
20100329	28.06	28.23	27.75	28.00	317000
20100326	28.02	28.13	27.97	28.07	314300
20100325	28.07	28.44	27.92	28.00	230300
20100324	28.00	28.26	27.82	28.02	628600
20100323	28.05	28.42	27.81	28.00	341500
20100322	28.22	28.77	28.14	28.20	253800
20100319	28.35	28.53	27.78	28.29	462000
20100318	28.01	28.50	28.00	28.37	232800
20100317	28.15	28.15	28.00	28.01	415200
20100316	28.06	28.15	27.98	28.05	623800
20100315	28.07	28.19	27.89	28.10	463300
20100312	28.43	28.71	28.00	28.20	537800
20100311	28.59	28.60	28.00	28.19	479100
20100310	28.35	28.79	28.35	28.53	413000
20100309	28.77	28.92	27.97	28.45	706800
20100308	27.24	29.35	27.17	29.03	680100
20100305	27.27	27.58	27.26	27.38	716400
20100304	27.57	27.94	27.05	27.24	294700
20100303	27.94	28.13	27.37	27.63	663200
20100302	28.40	28.65	27.79	28.02	468000
20100301	28.46	28.74	28.22	28.40	321800
20100226	28.08	28.30	27.96	28.30	632800
20100225	27.83	28.06	27.83	27.98	328900
20100224	27.99	28.00	27.88	27.96	263000
20100223	28.42	28.42	27.82	28.01	390400
20100222	28.00	28.42	27.89	28.24	290500
20100219	27.83	28.23	27.83	28.01	152500
20100218	27.77	28.10	27.66	28.00	613800
20100217	28.07	28.30	27.85	27.94	456100
20100216	28.10	28.41	27.95	28.25	213500
20100212	27.71	28.39	27.53	28.31	875600
20100211	27.70	28.18	27.70	28.02	346900
20100210	27.96	28.09	27.51	27.84	496600
20100209	27.58	28.10	27.58	27.84	1451000
20100208	27.73	27.91	27.38	27.63	632500
20100205	27.75	27.82	26.65	27.70	645500
20100204	27.93	27.94	27.71	27.75	617700
20100203	27.96	28.13	27.90	27.99	309300
20100202	28.39	28.59	27.90	27.96	536200
20100201	28.21	28.46	28.20	28.41	400800
20100129	28.83	28.90	28.00	28.12	389800
20100128	28.75	29.03	28.57	28.77	495200
20100127	28.23	29.24	28.01	28.90	475200
20100126	27.83	28.75	27.83	28.35	302600
20100125	27.98	28.24	27.91	27.95	256500
20100122	28.20	28.37	27.93	28.01	595600
20100121	27.99	28.40	27.91	28.04	681800
20100120	27.81	28.10	27.69	27.99	957600
20100119	28.84	28.84	27.81	27.95	1531700
20100115	29.77	29.92	28.66	28.95	766000
20100114	30.09	30.10	29.89	29.91	301100
20100113	30.10	30.29	30.10	30.15	394400
20100112	29.99	30.38	29.84	30.16	742000
20100111	30.03	30.11	29.75	29.93	676500
20100108	30.21	30.27	29.98	30.00	253200
20100107	30.36	30.68	29.80	30.39	426600
20100106	30.00	30.87	30.00	30.44	848900
20100105	29.85	30.07	29.49	30.05	430000
20100104	30.41	30.50	29.67	29.85	390000
20091231	30.86	31.00	30.21	30.28	154600
20091230	30.91	31.00	30.45	31.00	175200
20091229	30.92	31.14	30.70	31.00	283400
20091228	30.89	31.12	30.62	30.96	250100
20091224	30.79	31.18	30.68	30.80	170800
20091223	30.68	30.94	30.21	30.68	845700
20091222	30.34	30.85	30.10	30.58	420900
20091221	30.78	30.78	29.89	30.50	885900
20091218	30.38	31.00	29.73	30.56	8298500
20091217	30.25	30.64	30.00	30.40	929200
20091216	29.27	30.97	29.15	30.39	1572400
20091215	28.93	29.47	28.77	29.30	891900
20091214	28.56	29.04	28.56	28.99	502300
20091211	28.02	28.81	28.00	28.66	590700
20091210	28.57	28.70	28.13	28.40	435200
20091209	28.33	28.70	28.18	28.65	449600
20091208	28.41	28.92	27.90	28.61	398200
20091207	28.20	28.98	27.94	28.74	361500
20091204	27.85	28.44	27.85	28.43	535500
20091203	27.81	27.94	27.50	27.72	491800
20091202	27.76	27.81	27.35	27.51	820900
20091201	26.91	28.05	26.91	27.78	617200
20091130	27.34	27.40	26.73	26.91	888700
20091127	26.96	27.18	26.66	26.99	264600
20091125	27.72	27.81	27.17	27.30	892800
20091124	28.18	28.18	27.65	27.78	685400
20091123	28.68	28.68	27.67	28.40	447600
20091120	28.50	28.64	28.42	28.55	875700
20091119	28.81	28.89	27.94	28.54	1223600
20091118	28.39	29.00	28.16	28.50	730900
20091117	28.55	28.96	27.40	27.85	2496000
20091116	28.75	29.01	28.25	28.85	1424300
20091113	28.78	29.08	28.51	28.90	414900
20091112	28.78	30.00	28.43	28.90	1211600
20091111	27.93	29.12	27.63	28.98	1174600
20091110	27.25	28.26	27.25	27.67	287300
20091109	27.25	27.69	27.05	27.58	615600
20091106	27.15	27.34	26.95	27.10	310800
20091105	27.02	27.60	26.97	27.30	470400
20091104	27.33	27.48	26.95	26.96	461200
20091103	27.43	27.49	26.85	27.36	696500
20091102	27.38	27.65	26.60	27.37	978000
20091030	28.00	28.07	27.30	27.43	819600
20091029	27.88	28.00	27.75	27.89	563500
20091028	28.21	28.55	27.56	27.69	1153500
20091027	28.54	29.25	27.93	28.56	1578700
20091026	27.83	28.60	27.76	28.45	834400
20091023	28.00	28.39	27.51	28.37	2385700
20091022	27.76	28.48	27.32	27.89	1172500
20091021	28.00	28.35	27.86	28.00	1079000
20091020	27.50	28.10	27.35	28.06	3387000
20091019	28.52	28.89	27.50	27.50	1892100
20091016	28.45	28.60	27.55	28.57	3974100
20091015	28.28	28.80	27.75	28.31	3181300
20091014	27.25	28.24	27.00	27.99	3222400
20091013	26.67	27.26	26.54	27.19	3296000
20091012	27.29	27.90	26.10	26.25	7177000
20091009	26.83	27.49	26.38	26.40	3361300
20091008	27.33	27.44	26.50	26.60	6906700
20091007	27.00	28.97	26.41	27.22	63739500